{
  "points": [
    {
      "x": 0.052363598850944326,
      "y": 0.08718667752263232
    },
    {
      "x": 0.4072417636703983,
      "y": 0.10770023493843905
    },
    {
      "x": 0.9011988779516946,
      "y": 0.0381536661023224
    },
    {
      "x": 0.5362020400339269,
      "y": 0.33219769850967984
    },
    {
      "x": 0.8520866189293687,
      "y": 0.1596623967219699
    },
    {
      "x": 0.3372166571092755,
      "y": 0.3337963946289553
    },
    {
      "x": 0.24516335251761112,
      "y": 0.0016705535792228554
    },
    {
      "x": 0.4362757934152184,
      "y": 0.08761349975042287
    },
    {
      "x": 0.5975994644879905,
      "y": 0.06987696145918243
    },
    {
      "x": 0.3154589737358633,
      "y": 0.44832170830694373
    },
    {
      "x": 0.9053986522844989,
      "y": 0.09276456137849509
    },
    {
      "x": 0.14217506443150107,
      "y": 0.7900718443588016
    },
    {
      "x": 0.021235974816989245,
      "y": 0.9111505480903207
    },
    {
      "x": 0.5734080856809272,
      "y": 0.2653217052615633
    },
    {
      "x": 0.8378376441951344,
      "y": 0.7687947474799836
    },
    {
      "x": 0.3434621581559646,
      "y": 0.801496591292033
    },
    {
      "x": 0.2068624706661114,
      "y": 0.6089025261905533
    },
    {
      "x": 0.5270749521614166,
      "y": 0.8093385246438048
    },
    {
      "x": 0.3152631522159881,
      "y": 0.3982381514678992
    },
    {
      "x": 0.7692790899139238,
      "y": 0.512752133864065
    },
    {
      "x": 0.684837218661006,
      "y": 0.6383532643054988
    },
    {
      "x": 0.666657631073181,
      "y": 0.8900985705369023
    },
    {
      "x": 0.486136470143564,
      "y": 0.6684702219031471
    },
    {
      "x": 0.3745216318224833,
      "y": 0.03184130674110186
    },
    {
      "x": 0.7541731718588721,
      "y": 0.18146491591504088
    },
    {
      "x": 0.820190184433831,
      "y": 0.9136459118642296
    },
    {
      "x": 0.6580741574010793,
      "y": 0.17012688767090822
    },
    {
      "x": 0.33691615279170617,
      "y": 0.39119330707130273
    },
    {
      "x": 0.07329077812368656,
      "y": 0.4567670702014537
    },
    {
      "x": 0.5731685145105314,
      "y": 0.33610609930983404
    },
    {
      "x": 0.18906186957807647,
      "y": 0.08815729492607605
    },
    {
      "x": 0.6283175227307927,
      "y": 0.01282910925261338
    },
    {
      "x": 0.35191368309820115,
      "y": 0.22912976448028421
    },
    {
      "x": 0.5319974906817646,
      "y": 0.7236633511192414
    },
    {
      "x": 0.9091532756367794,
      "y": 0.6388008392431014
    },
    {
      "x": 0.9917930997519157,
      "y": 0.9640591723038818
    },
    {
      "x": 0.6299907097242456,
      "y": 0.2333731840861596
    },
    {
      "x": 0.48381148264314666,
      "y": 0.17758973057390504
    },
    {
      "x": 0.9919577727942169,
      "y": 0.44449992014907413
    },
    {
      "x": 0.7516501580275301,
      "y": 0.044129856006443924
    },
    {
      "x": 0.13472760063663358,
      "y": 0.19317697004235368
    },
    {
      "x": 0.2563623472965425,
      "y": 0.3520475304496762
    },
    {
      "x": 0.2719298523267516,
      "y": 0.43426858361265375
    },
    {
      "x": 0.42035731673505405,
      "y": 0.10862083448160165
    },
    {
      "x": 0.06260877482831684,
      "y": 0.3550614469278791
    },
    {
      "x": 0.08878890486736224,
      "y": 0.4332003138771612
    },
    {
      "x": 0.008561214772869308,
      "y": 0.5358010186065645
    },
    {
      "x": 0.07348399271505246,
      "y": 0.694205914699235
    },
    {
      "x": 0.40420726708424737,
      "y": 0.9853481748883274
    },
    {
      "x": 0.26254001971904994,
      "y": 0.47251074040704333
    }
  ],
  "distance_matrix": [
    [
      0.0,
      0.35547055842006825,
      0.8502502968273478,
      0.5423375679145729,
      0.8030003977065124,
      0.37677263352104656,
      0.2109140878846929,
      0.3839124318283678,
      0.5455105640106123,
      0.4468083333437522,
      0.8530532897625428,
      0.7085997862743377,
      0.8245516290559892,
      0.5506536528195104,
      1.0399803060348558,
      0.7713475378444576,
      0.544111503410329,
      0.8642072432364712,
      0.4072704195041208,
      0.8337108485303312,
      0.8389323489659446,
      1.0109523559335587,
      0.725292673916549,
      0.3268775126481421,
      0.7081137359209647,
      1.1280924304135602,
      0.6113627067449867,
      0.41640147305665565,
      0.37017241048590493,
      0.5772336084446785,
      0.13670171658736469,
      0.5807339927984453,
      0.33147864623170853,
      0.7969637546497228,
      1.0190028133706754,
      1.2850809932712182,
      0.5958385468539992,
      0.4408174093995846,
      1.0052412471960963,
      0.7006108632644127,
      0.13423029054043326,
      0.3343153612692836,
      0.4107008512293162,
      0.3686174161467571,
      0.26807061702976975,
      0.3479256234623628,
      0.45074768538184845,
      0.6073865534726955,
      0.9646180810175881,
      0.4389177158952195
    ],
    [
      0.35547055842006825,
      0.0,
      0.498828984709171,
      0.25890126309015615,
      0.4478694134539577,
      0.2366917594165374,
      0.19367938633460416,
      0.03530512446850433,
      0.19407898978829877,
      0.3527705609144532,
      0.49838073800897503,
      0.7320460152123908,
      0.8913657356731856,
      0.22903225641234531,
      0.7889605610151975,
      0.6967217681177328,
      0.5397736542489519,
      0.7117979226189093,
      0.30474964463697235,
      0.5432661101309527,
      0.5988755081048815,
      0.8242837786876457,
      0.5662926390037979,
      0.0826146719136117,
      0.3546866647439924,
      0.9055798321331939,
      0.2584839970211767,
      0.2920856269876871,
      0.48308479196529946,
      0.2823135234515125,
      0.2190534014583284,
      0.24057227964382194,
      0.13344035051122052,
      0.628470008765175,
      0.730741416464919,
      1.036846610700135,
      0.255755318841242,
      0.10366997378096261,
      0.6747791040656701,
      0.35022612007275394,
      0.28560504424470184,
      0.28717625094873567,
      0.3534914421980741,
      0.013147822470305544,
      0.42421629647517195,
      0.4553707551753195,
      0.584992701703618,
      0.6748208370113911,
      0.8776531858700304,
      0.3924605707619813
    ],
    [
      0.8502502968273478,
      0.498828984709171,
      0.0,
      0.4687052215245188,
      0.13105871051965262,
      0.6367735612892699,
      0.657049182429251,
      0.4675465214065967,
      0.3052523076469754,
      0.7150727642951753,
      0.054772146090066455,
      1.0684091427366578,
      1.2395395382374965,
      0.3988133918425406,
      0.7333832802429242,
      0.9453902210440326,
      0.8988088271564016,
      0.8571433940084796,
      0.6877365129862028,
      0.49259165246451775,
      0.6380062110154371,
      0.8836400379562785,
      0.7547024333418417,
      0.526715072378753,
      0.20531603097414586,
      0.8792320972386637,
      0.2766343452176642,
      0.6656215005613096,
      0.9277224821315292,
      0.4431473477226489,
      0.7138903848567162,
      0.27405394944578015,
      0.5815376990676608,
      0.778609781992261,
      0.6006998410558649,
      0.9303269959739713,
      0.33416243163337495,
      0.44006210225123615,
      0.41635856562686846,
      0.1496680810217273,
      0.7819913322495746,
      0.717177460146572,
      0.7435634031373396,
      0.48597760114294364,
      0.8964730350681255,
      0.9033669344651836,
      1.0219857558595595,
      1.056180138106835,
      1.0696626097732786,
      0.7723672735153803
    ],
    [
      0.5423375679145729,
      0.25890126309015615,
      0.4687052215245188,
      0.0,
      0.3599326291779153,
      0.1989918049743555,
      0.4403994904255669,
      0.2642095476057038,
      0.2694101201074463,
      0.249423910181174,
      0.4400390501464386,
      0.6040744912173146,
      0.7748396288023474,
      0.07652900303550803,
      0.5306609283405689,
      0.5073362916577854,
      0.43015126829207423,
      0.4772281128527403,
      0.2305977744410265,
      0.29483014653678724,
      0.3403287334229388,
      0.5729502982302535,
      0.33997907476469313,
      0.34110777838633133,
      0.26501280357328083,
      0.6470944992602694,
      0.2027800796860724,
      0.20783490246701913,
      0.47937914511064667,
      0.037172514470292406,
      0.4243371495937695,
      0.3323876621605041,
      0.2111520720408808,
      0.3914882315067526,
      0.482802350911108,
      0.7789814733100788,
      0.13624463003481743,
      0.16324335898573702,
      0.46938798123621844,
      0.3597234680020956,
      0.42486290545652133,
      0.28054281216848137,
      0.28329887889160627,
      0.2518066997615873,
      0.4741448426797892,
      0.4586720416928048,
      0.5655609184134317,
      0.5875014382138446,
      0.6663543838526852,
      0.3075364223784094
    ],
    [
      0.8030003977065124,
      0.4478694134539577,
      0.13105871051965262,
      0.3599326291779153,
      0.0,
      0.5435197575173272,
      0.6271501206342542,
      0.42200673711396564,
      0.2698613276499581,
      0.6093385165494117,
      0.08554234784071096,
      0.9494158661405202,
      1.1202889066972757,
      0.2980362635226923,
      0.6092989857376759,
      0.8189322166189565,
      0.7862130089403223,
      0.7264376468264779,
      0.5874502746333189,
      0.3626698903089662,
      0.5070673610064037,
      0.7536052770215773,
      0.6267415052172243,
      0.49437490627488034,
      0.10031147970392598,
      0.7546578851637384,
      0.19429446929618546,
      0.5648071986330266,
      0.8335431294537674,
      0.3300419505994837,
      0.6668694008838499,
      0.2676427146824405,
      0.5049739408338197,
      0.6485014468629536,
      0.4825248702495417,
      0.8164386525333042,
      0.2340082756218229,
      0.36871122210433754,
      0.3173268889261832,
      0.1530857623774047,
      0.7181414817086978,
      0.6260187277485304,
      0.641864807972399,
      0.4347360480212415,
      0.8132994867500016,
      0.8108306804838387,
      0.9235883121448796,
      0.944435716266248,
      0.9393364243312345,
      0.6674123753624486
    ],
    [
      0.37677263352104656,
      0.2366917594165374,
      0.6367735612892699,
      0.1989918049743555,
      0.5435197575173272,
      0.0,
      0.3446467541980308,
      0.2653652769607469,
      0.3707461039351259,
      0.11657377174484537,
      0.6171929392672726,
      0.49621417644043225,
      0.6581653364474527,
      0.24591700635514913,
      0.6632080666683174,
      0.46774189489718127,
      0.3044266702278998,
      0.5120414920874733,
      0.06807860458021427,
      0.46765703506550166,
      0.4621633279271686,
      0.6465318756613653,
      0.3663109080774459,
      0.30425077853592153,
      0.4439117193759344,
      0.754644877233195,
      0.3601905648422722,
      0.05739769908941802,
      0.2911677465810257,
      0.2359631618427238,
      0.2868595621053197,
      0.43331248798927396,
      0.1056934531539104,
      0.4358162650592476,
      0.6481814613571258,
      0.9086811807147804,
      0.30951812079475405,
      0.21422083177999623,
      0.6640340346179143,
      0.5056301318957444,
      0.24652715988760285,
      0.0828886202927749,
      0.11982081471049764,
      0.24003416875662523,
      0.2754300119088492,
      0.26757706786246327,
      0.38577230056819023,
      0.44659818676945523,
      0.6549866137441099,
      0.15753815378045474
    ],
    [
      0.2109140878846929,
      0.19367938633460416,
      0.657049182429251,
      0.4403994904255669,
      0.6271501206342542,
      0.3446467541980308,
      0.0,
      0.20954750073056755,
      0.35897538508466736,
      0.4521490112585302,
      0.6664898868814185,
      0.7950994798047685,
      0.9366415167500229,
      0.4210184492785097,
      0.9694030868959237,
      0.8058438718469604,
      0.6084386790072194,
      0.8554540908180331,
      0.40271558402046903,
      0.7320530635773148,
      0.7737428401654122,
      0.9833421419681123,
      0.7090062348775691,
      0.13283011244093848,
      0.5398305372184558,
      1.0781256473819139,
      0.4459516445592763,
      0.4001831478788051,
      0.48646995926828157,
      0.4684383850007742,
      0.10308895584306003,
      0.3833166204542504,
      0.2512634587495738,
      0.7768831459853116,
      0.9202269388112556,
      1.218050833465467,
      0.44919728832493716,
      0.29648016265325555,
      0.8682164212066755,
      0.5082633928567438,
      0.22106732648690294,
      0.3505559062474012,
      0.4334253120213884,
      0.2052590745456103,
      0.3977578375558148,
      0.45898899976003404,
      0.584188261826362,
      0.7134977428022053,
      0.996452020633717,
      0.47116072639290135
    ],
    [
      0.3839124318283678,
      0.03530512446850433,
      0.4675465214065967,
      0.2642095476057038,
      0.42200673711396564,
      0.2653652769607469,
      0.20954750073056755,
      0.0,
      0.16229575360727283,
      0.3804038848874816,
      0.4691511378538723,
      0.761539864155973,
      0.9222100200119505,
      0.22446708419729938,
      0.7907337176699831,
      0.7198912690671034,
      0.5695372874024008,
      0.7274142552812463,
      0.3333642656083839,
      0.5400315302785736,
      0.604232629359254,
      0.834900041895939,
      0.5829928119229393,
      0.08321126117954582,
      0.3314616592269035,
      0.9108895682209485,
      0.23664947380655837,
      0.3194261066315902,
      0.5177185334744525,
      0.28370440448585393,
      0.24721452192812068,
      0.2060891332910233,
      0.164753812824568,
      0.6432122952446451,
      0.7262372865732108,
      1.0376687788390209,
      0.24242803958755896,
      0.10176130828352552,
      0.6604168223716932,
      0.3183580015138187,
      0.3194917194984964,
      0.31983465210347567,
      0.3836395906574087,
      0.026357276269082235,
      0.45951653422815947,
      0.4900789567109967,
      0.6195254739247019,
      0.7068042505027122,
      0.898307262202638,
      0.42229137444054743
    ],
    [
      0.5455105640106123,
      0.19407898978829877,
      0.3052523076469754,
      0.2694101201074463,
      0.2698613276499581,
      0.3707461039351259,
      0.35897538508466736,
      0.16229575360727283,
      0.0,
      0.47204203513936904,
      0.30864896280120035,
      0.8521103529013185,
      1.0197725823873447,
      0.1969362096938121,
      0.7390537562351066,
      0.7745018096986316,
      0.6657506723803833,
      0.7428170099468283,
      0.43305295788309106,
      0.47498664414806785,
      0.5751310569348245,
      0.8231236349237895,
      0.6088824932260426,
      0.22629721707650996,
      0.19226855546215874,
      0.8726354738799257,
      0.11707790649131398,
      0.4137631967133733,
      0.6516007633817417,
      0.26734776071159144,
      0.4089463742918353,
      0.06479241115740894,
      0.2927848330210928,
      0.6570694501131575,
      0.6486448611944958,
      0.9772156610870002,
      0.1666739559176697,
      0.1566835838327808,
      0.5439309115206793,
      0.156187482274373,
      0.47901279154302256,
      0.44279001812772273,
      0.4887145901043778,
      0.18142730400039322,
      0.606255085565951,
      0.6252135986954344,
      0.7510334790514538,
      0.8151586775625891,
      0.9356752025324169,
      0.5238117901295327
    ],
    [
      0.4468083333437522,
      0.3527705609144532,
      0.7150727642951753,
      0.249423910181174,
      0.6093385165494117,
      0.11657377174484537,
      0.4521490112585302,
      0.3804038848874816,
      0.47204203513936904,
      0.0,
      0.6888030989027023,
      0.3831715917383044,
      0.5484320450411724,
      0.31627005148742166,
      0.6128478148672805,
      0.354283327732477,
      0.19385406766727287,
      0.41846680155420596,
      0.050083939658511795,
      0.45837100430256283,
      0.41539412622136423,
      0.5643645035943371,
      0.2785609014535572,
      0.42064750381846067,
      0.5135004335737311,
      0.6864985138140203,
      0.44133606504189715,
      0.06102511581943037,
      0.24231541243508786,
      0.2810810386861457,
      0.38169966283120943,
      0.5362222258637815,
      0.22220273192110393,
      0.35028838060618755,
      0.6235023844636122,
      0.8505368785560626,
      0.3809633591417401,
      0.31880773363050574,
      0.676509594308993,
      0.5946711719260283,
      0.3126702203383609,
      0.11296516533251043,
      0.045741389619495046,
      0.3555282633514203,
      0.2695008338392986,
      0.22717389086413972,
      0.3191220208431334,
      0.34497961446031655,
      0.5443102841037791,
      0.0581852641840978
    ],
    [
      0.8530532897625428,
      0.49838073800897503,
      0.054772146090066455,
      0.4400390501464386,
      0.08554234784071096,
      0.6171929392672726,
      0.6664898868814185,
      0.4691511378538723,
      0.30864896280120035,
      0.6888030989027023,
      0.0,
      1.0338025401171058,
      1.2047818323135537,
      0.3741573254913533,
      0.6793977497272597,
      0.9044742747357895,
      0.8685339347143152,
      0.8103129438091022,
      0.6645103631119839,
      0.44149529590050984,
      0.5884848160858704,
      0.832309315921456,
      0.712192238748573,
      0.5343613513440507,
      0.17531941941744658,
      0.8252918723510742,
      0.25914153526347805,
      0.6420530106504879,
      0.9082407944316498,
      0.41181545445514633,
      0.7163515988412058,
      0.28838104802730513,
      0.5700360337137901,
      0.7331178011633668,
      0.5460491863749556,
      0.8755674157829432,
      0.30922535407857177,
      0.43003610422293176,
      0.36222954594136003,
      0.1612573534847679,
      0.7771849983509103,
      0.6989104257648376,
      0.7196580561086058,
      0.48530044157028074,
      0.882663261788726,
      0.8847304567810542,
      1.000299301087242,
      1.0265542860905268,
      1.023669044029962,
      0.7466420708416457
    ],
    [
      0.7085997862743377,
      0.7320460152123908,
      1.0684091427366578,
      0.6040744912173146,
      0.9494158661405202,
      0.49621417644043225,
      0.7950994798047685,
      0.761539864155973,
      0.8521103529013185,
      0.3831715917383044,
      1.0338025401171058,
      0.0,
      0.171132451317954,
      0.679208824367351,
      0.6959878876352549,
      0.20161105858193726,
      0.19237146974255173,
      0.3853817958125502,
      0.4283609798025636,
      0.6856862843933395,
      0.5634720411576758,
      0.5339356783929624,
      0.3648237974738845,
      0.7930311945657612,
      0.8631014290594315,
      0.6891843389918331,
      0.8065256495918698,
      0.4438785633530097,
      0.34034852339362026,
      0.6259714463846493,
      0.7034787894472719,
      0.9167555612248157,
      0.5988708584817368,
      0.3954385059424422,
      0.7817534735786997,
      0.8672499041378962,
      0.7401874776985431,
      0.7013200282003198,
      0.9173606740177421,
      0.9632701281057964,
      0.5969413335514839,
      0.4526632690462758,
      0.3787245243436616,
      0.7360440505563056,
      0.44222713656471485,
      0.360842585210388,
      0.2872391227693818,
      0.11793532042203161,
      0.32679308513511496,
      0.3396067979361324
    ],
    [
      0.8245516290559892,
      0.8913657356731856,
      1.2395395382374965,
      0.7748396288023474,
      1.1202889066972757,
      0.6581653364474527,
      0.9366415167500229,
      0.9222100200119505,
      1.0197725823873447,
      0.5484320450411724,
      1.2047818323135537,
      0.171132451317954,
      0.0,
      0.8496993199040874,
      0.8289170407215571,
      0.3403728888597382,
      0.3546985518768669,
      0.5159832934496329,
      0.5912115591378255,
      0.8475197923953876,
      0.7174851697921727,
      0.6457648953941328,
      0.5244294149580165,
      0.9476262434989559,
      1.0342330765406074,
      0.7989581064767015,
      0.9770767298929964,
      0.6082840678944814,
      0.4573554935995428,
      0.7970606290902953,
      0.8399306076731732,
      1.0842183420754643,
      0.7579578458134479,
      0.5440852645648064,
      0.9287472729458035,
      0.9719981765816859,
      0.9110238649060919,
      0.8672298273445047,
      1.0770624947634662,
      1.1336797429330412,
      0.7268881674000385,
      0.6065316111879647,
      0.5387613834203028,
      0.8962989383009272,
      0.5576260368853211,
      0.4827005539077044,
      0.37556346843889543,
      0.22314755058361926,
      0.3900926794023568,
      0.5006321233905374
    ],
    [
      0.5506536528195104,
      0.22903225641234531,
      0.3988133918425406,
      0.07652900303550803,
      0.2980362635226923,
      0.24591700635514913,
      0.4210184492785097,
      0.22446708419729938,
      0.1969362096938121,
      0.31627005148742166,
      0.3741573254913533,
      0.679208824367351,
      0.8496993199040874,
      0.0,
      0.5686898061832036,
      0.5834026379740689,
      0.5023977193388005,
      0.5459863176239009,
      0.2903542463022361,
      0.31557450356082367,
      0.3893186300698198,
      0.6316974031125513,
      0.41248643777560823,
      0.3067065666425491,
      0.19926860640960709,
      0.6937043182306599,
      0.1273985753320658,
      0.2679031438110225,
      0.5355078422164062,
      0.07078479946377296,
      0.42321299852686484,
      0.25839418978853207,
      0.2244317868596031,
      0.4602085415392786,
      0.5022066268958335,
      0.8144200807003081,
      0.06497923782965404,
      0.12539717165273515,
      0.455289658649203,
      0.2840705379501913,
      0.44457331316504656,
      0.32869342704450116,
      0.34558960182698334,
      0.21904269167931914,
      0.5186223647335687,
      0.5128732568999088,
      0.6262675518675764,
      0.6586848744526697,
      0.7396398001574604,
      0.3735856671760749
    ],
    [
      1.0399803060348558,
      0.7889605610151975,
      0.7333832802429242,
      0.5306609283405689,
      0.6092989857376759,
      0.6632080666683174,
      0.9694030868959237,
      0.7907337176699831,
      0.7390537562351066,
      0.6128478148672805,
      0.6793977497272597,
      0.6959878876352549,
      0.8289170407215571,
      0.5686898061832036,
      0.0,
      0.4954558827838994,
      0.6509187292119107,
      0.3133963124013314,
      0.6406217999064081,
      0.26506243670576984,
      0.2010574811997399,
      0.20980279879128497,
      0.3657304010626822,
      0.8704953194232413,
      0.5932588600075089,
      0.1459222144140456,
      0.6250744896032273,
      0.6272999189769957,
      0.8257682373447811,
      0.507217127533482,
      0.9403070496114746,
      0.7844633372433333,
      0.7261958343616408,
      0.3091521347792249,
      0.1482711552076785,
      0.2486573503789982,
      0.5743488475796157,
      0.6890993361469381,
      0.3590545210312524,
      0.7297722163156446,
      0.9086801192141676,
      0.7153962285375928,
      0.6573883047401592,
      0.7811014141708944,
      0.8787235309729063,
      0.8207908611538776,
      0.861385787025582,
      0.7679843738687194,
      0.4846964935664698,
      0.6471101680355703
    ],
    [
      0.7713475378444576,
      0.6967217681177328,
      0.9453902210440326,
      0.5073362916577854,
      0.8189322166189565,
      0.46774189489718127,
      0.8058438718469604,
      0.7198912690671034,
      0.7745018096986316,
      0.354283327732477,
      0.9044742747357895,
      0.20161105858193726,
      0.3403728888597382,
      0.5834026379740689,
      0.4954558827838994,
      0.0,
      0.23611850527783407,
      0.18378017858621806,
      0.40424318575010926,
      0.5144836450919835,
      0.3783552260443298,
      0.33512031338056997,
      0.1950691524919385,
      0.7702817328365096,
      0.7437222702378016,
      0.4897418515336374,
      0.7054136465362965,
      0.4103554985967,
      0.43798517931533454,
      0.5189926012739723,
      0.7298577949524234,
      0.8385338251695375,
      0.5724292206975459,
      0.20396956853023307,
      0.5886224155869877,
      0.6684007799037389,
      0.6362883125431644,
      0.6394980091721614,
      0.7402656181481068,
      0.860361444368761,
      0.6431351934858985,
      0.4578109165843729,
      0.37413003140807916,
      0.6971296004248646,
      0.5274305272261263,
      0.4477729490470062,
      0.4274959405930614,
      0.29051591883850514,
      0.1936268913389206,
      0.33879209343153777
    ],
    [
      0.544111503410329,
      0.5397736542489519,
      0.8988088271564016,
      0.43015126829207423,
      0.7862130089403223,
      0.3044266702278998,
      0.6084386790072194,
      0.5695372874024008,
      0.6657506723803833,
      0.19385406766727287,
      0.8685339347143152,
      0.19237146974255173,
      0.3546985518768669,
      0.5023977193388005,
      0.6509187292119107,
      0.23611850527783407,
      0.0,
      0.377770595442966,
      0.23691810090781287,
      0.5705763327992814,
      0.4788812020703027,
      0.5389645673787812,
      0.28555608408269006,
      0.6009236601367484,
      0.694443600530779,
      0.6848645235281156,
      0.6293775077046662,
      0.2535966567680637,
      0.2024514608928751,
      0.45672530943208933,
      0.5210493808496363,
      0.7300190951549927,
      0.4065306935091913,
      0.34479389231668855,
      0.7029269406344709,
      0.861540675624491,
      0.5657382729405854,
      0.5125733926938704,
      0.8021239619266158,
      0.7847049084130235,
      0.4219374094683944,
      0.261581204644894,
      0.18636195442330103,
      0.5439318159081817,
      0.29196647458929625,
      0.2116899486330229,
      0.21134620531225315,
      0.15832399209091527,
      0.4250368161663216,
      0.14731839225893434
    ],
    [
      0.8642072432364712,
      0.7117979226189093,
      0.8571433940084796,
      0.4772281128527403,
      0.7264376468264779,
      0.5120414920874733,
      0.8554540908180331,
      0.7274142552812463,
      0.7428170099468283,
      0.41846680155420596,
      0.8103129438091022,
      0.3853817958125502,
      0.5159832934496329,
      0.5459863176239009,
      0.3133963124013314,
      0.18378017858621806,
      0.377770595442966,
      0.0,
      0.46245838236698783,
      0.3829181786494185,
      0.232647570337723,
      0.16126223756614538,
      0.1466964144993314,
      0.7923221815605546,
      0.6676817130398546,
      0.311121472127629,
      0.6524969797746143,
      0.4593536676205872,
      0.5746535539737833,
      0.475471918074563,
      0.7964641926004379,
      0.8029179951292116,
      0.6060723352458236,
      0.08581647128581066,
      0.4184100230773317,
      0.489797341267078,
      0.5850877939919916,
      0.6332284474054612,
      0.5909511352465371,
      0.7974824948847277,
      0.7304734804340187,
      0.531413556285291,
      0.45362592808916063,
      0.708797527519141,
      0.6496895360282046,
      0.5775591855830692,
      0.5862416422173647,
      0.4679746535488024,
      0.21465289426285777,
      0.4282892558962154
    ],
    [
      0.4072704195041208,
      0.30474964463697235,
      0.6877365129862028,
      0.2305977744410265,
      0.5874502746333189,
      0.06807860458021427,
      0.40271558402046903,
      0.3333642656083839,
      0.43305295788309106,
      0.050083939658511795,
      0.6645103631119839,
      0.4283609798025636,
      0.5912115591378255,
      0.2903542463022361,
      0.6406217999064081,
      0.40424318575010926,
      0.23691810090781287,
      0.46245838236698783,
      0.0,
      0.46823490242394916,
      0.4407269653671303,
      0.6044871806895937,
      0.319723415894581,
      0.37115793839149697,
      0.48952287075781437,
      0.7215237122514268,
      0.41176951556310365,
      0.022770205675494093,
      0.24895032466735958,
      0.2652839380845591,
      0.33477888424027696,
      0.496531135700194,
      0.17303441265684985,
      0.390992754457565,
      0.6407619569281499,
      0.8819558931901518,
      0.35529409356882874,
      0.27765854089654046,
      0.678274104445263,
      0.5619842557899466,
      0.2732090289717788,
      0.07485237665036223,
      0.05635571772081575,
      0.30809572167477767,
      0.25631711263216117,
      0.22915701497544905,
      0.33613928786557046,
      0.3821702223370352,
      0.5938090898348002,
      0.09108318268491045
    ],
    [
      0.8337108485303312,
      0.5432661101309527,
      0.49259165246451775,
      0.29483014653678724,
      0.3626698903089662,
      0.46765703506550166,
      0.7320530635773148,
      0.5400315302785736,
      0.47498664414806785,
      0.45837100430256283,
      0.44149529590050984,
      0.6856862843933395,
      0.8475197923953876,
      0.31557450356082367,
      0.26506243670576984,
      0.5144836450919835,
      0.5705763327992814,
      0.3829181786494185,
      0.46823490242394916,
      0.0,
      0.15134752587624417,
      0.3910517831237826,
      0.32313753429920494,
      0.6221805801878647,
      0.33163143629138986,
      0.4041135493700504,
      0.36022020535237553,
      0.4491261045276521,
      0.6982363908462027,
      0.2639378322802251,
      0.7189803891811195,
      0.5194162049449232,
      0.5046142400104494,
      0.3174682643954057,
      0.1882898402977787,
      0.5031804124958564,
      0.3121759927266505,
      0.4402562792058036,
      0.23290375799093269,
      0.46895374883235613,
      0.7104814409086986,
      0.5375030738663742,
      0.5035036561819658,
      0.5339180751190625,
      0.7240506107791065,
      0.6851243566009987,
      0.7610669725109571,
      0.7190662638904461,
      0.597180419819663,
      0.5083343929042458
    ],
    [
      0.8389323489659446,
      0.5988755081048815,
      0.6380062110154371,
      0.3403287334229388,
      0.5070673610064037,
      0.4621633279271686,
      0.7737428401654122,
      0.604232629359254,
      0.5751310569348245,
      0.41539412622136423,
      0.5884848160858704,
      0.5634720411576758,
      0.7174851697921727,
      0.3893186300698198,
      0.2010574811997399,
      0.3783552260443298,
      0.4788812020703027,
      0.232647570337723,
      0.4407269653671303,
      0.15134752587624417,
      0.0,
      0.25240086492404606,
      0.20097019330321172,
      0.6812873975816179,
      0.4621195054321091,
      0.30676777396492466,
      0.46899061954836585,
      0.42677524826967095,
      0.6379361996493514,
      0.3222161514178996,
      0.7406138004923101,
      0.628072403933392,
      0.5275433189235132,
      0.17503654864323853,
      0.2243165034955814,
      0.4475558640453143,
      0.4086771401938363,
      0.5027070524255131,
      0.3631833611438164,
      0.5979677481581595,
      0.707674024404448,
      0.5153267784906143,
      0.46058989357843133,
      0.5920861978883575,
      0.6836830333623649,
      0.6303660249773126,
      0.6840074535652383,
      0.6138992469701596,
      0.44627193244966584,
      0.4536944643339081
    ],
    [
      1.0109523559335587,
      0.8242837786876457,
      0.8836400379562785,
      0.5729502982302535,
      0.7536052770215773,
      0.6465318756613653,
      0.9833421419681123,
      0.834900041895939,
      0.8231236349237895,
      0.5643645035943371,
      0.832309315921456,
      0.5339356783929624,
      0.6457648953941328,
      0.6316974031125513,
      0.20980279879128497,
      0.33512031338056997,
      0.5389645673787812,
      0.16126223756614538,
      0.6044871806895937,
      0.3910517831237826,
      0.25240086492404606,
      0.0,
      0.2858443885429659,
      0.9066140153982056,
      0.7140172451290988,
      0.15532778960967186,
      0.7200228469633246,
      0.5980266753355837,
      0.7347519386583188,
      0.5618254827719537,
      0.9333849800197173,
      0.8781068679891603,
      0.732081631627777,
      0.21408884994983018,
      0.34922011308876016,
      0.3334415145219236,
      0.6577482013126956,
      0.73559605832353,
      0.5517049387409723,
      0.850227496381058,
      0.8767264536422461,
      0.676639595078723,
      0.6029850713686457,
      0.8193725018532038,
      0.8069323047012963,
      0.7366737959676903,
      0.7474072841838937,
      0.6246830379113512,
      0.27920007286357706,
      0.5811115552793048
    ],
    [
      0.725292673916549,
      0.5662926390037979,
      0.7547024333418417,
      0.33997907476469313,
      0.6267415052172243,
      0.3663109080774459,
      0.7090062348775691,
      0.5829928119229393,
      0.6088824932260426,
      0.2785609014535572,
      0.712192238748573,
      0.3648237974738845,
      0.5244294149580165,
      0.41248643777560823,
      0.3657304010626822,
      0.1950691524919385,
      0.28555608408269006,
      0.1466964144993314,
      0.319723415894581,
      0.32313753429920494,
      0.20097019330321172,
      0.2858443885429659,
      0.0,
      0.646339112040919,
      0.5558937322249551,
      0.41437061066033165,
      0.5271704155898433,
      0.31487964464102,
      0.4639609788115825,
      0.3435702064119015,
      0.6519328274583505,
      0.6708805559206811,
      0.45938632336058416,
      0.07176011926878148,
      0.4240559986571503,
      0.5857144822060367,
      0.45826136053834304,
      0.49088599728910093,
      0.5531888341995109,
      0.6784529541108753,
      0.5910937902165327,
      0.39104918769481745,
      0.31738759032840114,
      0.563700482188387,
      0.5268783245973808,
      0.46177593836565506,
      0.4956604100044043,
      0.41345422118002717,
      0.32729807729654153,
      0.29731379219717335
    ],
    [
      0.3268775126481421,
      0.0826146719136117,
      0.526715072378753,
      0.34110777838633133,
      0.49437490627488034,
      0.30425077853592153,
      0.13283011244093848,
      0.08321126117954582,
      0.22629721707650996,
      0.42064750381846067,
      0.5343613513440507,
      0.7930311945657612,
      0.9476262434989559,
      0.3067065666425491,
      0.8704953194232413,
      0.7702817328365096,
      0.6009236601367484,
      0.7923221815605546,
      0.37115793839149697,
      0.6221805801878647,
      0.6812873975816179,
      0.9066140153982056,
      0.646339112040919,
      0.0,
      0.40807170481943167,
      0.9880282487879832,
      0.3154757306911173,
      0.3613143121915473,
      0.520866520014935,
      0.3633698501507421,
      0.1938216033805367,
      0.2545070095209241,
      0.1985795933690693,
      0.7095184192189916,
      0.8088453923109299,
      1.1180582337222786,
      0.32539137565430354,
      0.18217265036813093,
      0.7426402355096691,
      0.3773286812854774,
      0.2890162169242674,
      0.3413116497006626,
      0.41529843051756593,
      0.08942038856691822,
      0.44917801524632,
      0.49267864157324,
      0.6228181259650746,
      0.7275647971383079,
      0.9539688593160811,
      0.4546750831272211
    ],
    [
      0.7081137359209647,
      0.3546866647439924,
      0.20531603097414586,
      0.26501280357328083,
      0.10031147970392598,
      0.4439117193759344,
      0.5398305372184558,
      0.3314616592269035,
      0.19226855546215874,
      0.5135004335737311,
      0.17531941941744658,
      0.8631014290594315,
      1.0342330765406074,
      0.19926860640960709,
      0.5932588600075089,
      0.7437222702378016,
      0.694443600530779,
      0.6676817130398546,
      0.48952287075781437,
      0.33163143629138986,
      0.4621195054321091,
      0.7140172451290988,
      0.5558937322249551,
      0.40807170481943167,
      0.0,
      0.7351511795396021,
      0.09676554895324997,
      0.46700044755632864,
      0.7344331897819543,
      0.23806843886481946,
      0.5727626874195954,
      0.21042262165969197,
      0.40507361563886624,
      0.5859532203550002,
      0.48288195175771537,
      0.8178734622572725,
      0.13459477035287334,
      0.2703894599591646,
      0.3545827546488677,
      0.1373582333858843,
      0.6195562830919613,
      0.5262262302782886,
      0.5444890390400196,
      0.3416713118362843,
      0.71301968473523,
      0.7114119294381954,
      0.8255248416736091,
      0.852197800066217,
      0.8767579076131756,
      0.5713237508078647
    ],
    [
      1.1280924304135602,
      0.9055798321331939,
      0.8792320972386637,
      0.6470944992602694,
      0.7546578851637384,
      0.754644877233195,
      1.0781256473819139,
      0.9108895682209485,
      0.8726354738799257,
      0.6864985138140203,
      0.8252918723510742,
      0.6891843389918331,
      0.7989581064767015,
      0.6937043182306599,
      0.1459222144140456,
      0.4897418515336374,
      0.6848645235281156,
      0.311121472127629,
      0.7215237122514268,
      0.4041135493700504,
      0.30676777396492466,
      0.15532778960967186,
      0.41437061066033165,
      0.9880282487879832,
      0.7351511795396021,
      0.0,
      0.7609876119611099,
      0.7116955205103849,
      0.8755552518862336,
      0.6281496163312225,
      1.0391123165987062,
      0.9210244460254159,
      0.8293643576453581,
      0.34517879732002,
      0.28888448476942713,
      0.17885485001481494,
      0.7063616809669239,
      0.8092770434369687,
      0.49960190747588196,
      0.8722132231365541,
      0.9944518338843081,
      0.7957980723389313,
      0.7282801758964637,
      0.8988502084925685,
      0.9412471496095522,
      0.875086169686517,
      0.8952699859560861,
      0.778282756526787,
      0.42211728470822824,
      0.7110372322902533
    ],
    [
      0.6113627067449867,
      0.2584839970211767,
      0.2766343452176642,
      0.2027800796860724,
      0.19429446929618546,
      0.3601905648422722,
      0.4459516445592763,
      0.23664947380655837,
      0.11707790649131398,
      0.44133606504189715,
      0.25914153526347805,
      0.8065256495918698,
      0.9770767298929964,
      0.1273985753320658,
      0.6250744896032273,
      0.7054136465362965,
      0.6293775077046662,
      0.6524969797746143,
      0.41176951556310365,
      0.36022020535237553,
      0.46899061954836585,
      0.7200228469633246,
      0.5271704155898433,
      0.3154757306911173,
      0.09676554895324997,
      0.7609876119611099,
      0.0,
      0.38988822207292345,
      0.6512558597972317,
      0.18643515465420296,
      0.4761213503548449,
      0.16008762726154663,
      0.3117941235769939,
      0.5677129047836953,
      0.5316916366619951,
      0.8612182099017031,
      0.06920096851680108,
      0.17442240061982817,
      0.4321560245782272,
      0.15694495812703743,
      0.5238539154903127,
      0.44098469207729146,
      0.46784426882918745,
      0.24554488574426114,
      0.6235221030966717,
      0.6271310280382202,
      0.7453754977708241,
      0.7851143147456895,
      0.8538349636385033,
      0.4978787487605945
    ],
    [
      0.41640147305665565,
      0.2920856269876871,
      0.6656215005613096,
      0.20783490246701913,
      0.5648071986330266,
      0.05739769908941802,
      0.4001831478788051,
      0.3194261066315902,
      0.4137631967133733,
      0.06102511581943037,
      0.6420530106504879,
      0.4438785633530097,
      0.6082840678944814,
      0.2679031438110225,
      0.6272999189769957,
      0.4103554985967,
      0.2535966567680637,
      0.4593536676205872,
      0.022770205675494093,
      0.4491261045276521,
      0.42677524826967095,
      0.5980266753355837,
      0.31487964464102,
      0.3613143121915473,
      0.46700044755632864,
      0.7116955205103849,
      0.38988822207292345,
      0.0,
      0.2716583453161394,
      0.24258973365886252,
      0.337182018680561,
      0.47757117228048496,
      0.16275600680910401,
      0.385477701796373,
      0.6235100759011162,
      0.8700799475959646,
