{
  "points": [
    {
      "x": 55.7233921,
      "y": 37.6644744
    },
    {
      "x": 55.765574,
      "y": 37.638976
    },
    {
      "x": 55.4488601,
      "y": 37.5104896
    },
    {
      "x": 55.4079868,
      "y": 37.5796398
    },
    {
      "x": 55.6377358,
      "y": 37.3385073
    },
    {
      "x": 55.6437075,
      "y": 37.5264122
    },
    {
      "x": 55.4389919,
      "y": 37.7724193
    },
    {
      "x": 55.6144977,
      "y": 37.7435827
    },
    {
      "x": 55.4384291,
      "y": 37.7632861
    },
    {
      "x": 55.4090802,
      "y": 37.566967
    },
    {
      "x": 55.5657757,
      "y": 37.5755367
    },
    {
      "x": 55.7878731,
      "y": 37.6773599
    },
    {
      "x": 55.7724715,
      "y": 37.6813219
    },
    {
      "x": 55.764752,
      "y": 36.8717869
    },
    {
      "x": 55.7585918,
      "y": 37.6462573
    },
    {
      "x": 55.7165577,
      "y": 37.4592348
    },
    {
      "x": 55.7180047,
      "y": 37.8269465
    },
    {
      "x": 55.7234753,
      "y": 37.6520257
    },
    {
      "x": 55.2457339,
      "y": 37.4906954
    },
    {
      "x": 55.7691751,
      "y": 37.6463962
    },
    {
      "x": 55.9040694,
      "y": 37.699272
    },
    {
      "x": 55.6535304,
      "y": 37.7665375
    },
    {
      "x": 55.3095664,
      "y": 37.5258368
    },
    {
      "x": 55.8306746,
      "y": 37.4535606
    },
    {
      "x": 55.827063,
      "y": 37.4473801
    },
    {
      "x": 55.5121038,
      "y": 37.5753511
    },
    {
      "x": 55.9908337,
      "y": 37.2228192
    },
    {
      "x": 55.9962441,
      "y": 37.2169997
    },
    {
      "x": 55.8381051,
      "y": 37.9500961
    },
    {
      "x": 55.6813124,
      "y": 37.2656124
    },
    {
      "x": 55.6905076,
      "y": 37.2993343
    },
    {
      "x": 55.6816829,
      "y": 37.2561121
    },
    {
      "x": 55.7567223,
      "y": 37.6106072
    },
    {
      "x": 55.6146136,
      "y": 37.7209943
    },
    {
      "x": 55.7975108,
      "y": 37.5689782
    },
    {
      "x": 55.7661636,
      "y": 36.875606
    },
    {
      "x": 55.8367954,
      "y": 37.4423207
    },
    {
      "x": 55.7847279,
      "y": 37.4711878
    },
    {
      "x": 55.4215373,
      "y": 37.570432
    },
    {
      "x": 55.4198549,
      "y": 37.5740307
    },
    {
      "x": 55.7301402,
      "y": 37.5677771
    },
    {
      "x": 55.8035702,
      "y": 37.5499959
    },
    {
      "x": 55.7434891,
      "y": 37.6298237
    },
    {
      "x": 55.6848454,
      "y": 37.7301566
    },
    {
      "x": 55.8886599,
      "y": 37.5880825
    },
    {
      "x": 55.8855791,
      "y": 37.6869056
    },
    {
      "x": 55.7044833,
      "y": 37.6916525
    },
    {
      "x": 55.7695668,
      "y": 37.6495039
    },
    {
      "x": 55.4037525,
      "y": 37.8178076
    },
    {
      "x": 55.4185708,
      "y": 37.8318331
    }
  ],
  "distance_matrix": [
    [
      0.0,
      0.04928976658669035,
      0.3147683873184241,
      0.3266150832788449,
      0.33703345829768777,
      0.15940767404990294,
      0.30419660615472044,
      0.13459611242620806,
      0.30160846046801876,
      0.3290891422340927,
      0.1809774682943952,
      0.06575587784563432,
      0.05189051705861357,
      0.793765780305671,
      0.03963434889713745,
      0.2053533599226522,
      0.16256139565459068,
      0.012448978027533216,
      0.50828780908875,
      0.04922300685899018,
      0.18399771656477032,
      0.12368319816571127,
      0.4364310874745841,
      0.23663086408304995,
      0.2405776186583111,
      0.22931573936339522,
      0.516318046457416,
      0.5241009645517655,
      0.30779673143146025,
      0.4010755492374105,
      0.3666178977740499,
      0.41048681516697977,
      0.06334490877632383,
      0.12258572983124782,
      0.12088468018790141,
      0.7900270588598967,
      0.24942448731946965,
      0.202785083527365,
      0.31616497794790904,
      0.3167252668378872,
      0.09693247485182925,
      0.13976356707619378,
      0.04005696468143848,
      0.07615772762976532,
      0.1820691300095967,
      0.1637308208690134,
      0.033108787912721545,
      0.04854089812045379,
      0.354514518899292,
      0.3477426626104112
    ],
    [
      0.04928976658669035,
      0.0,
      0.3417842147293701,
      0.3624767444047658,
      0.32653337510724306,
      0.16589771816601329,
      0.3527931155157409,
      0.1837569321320409,
      0.3499668363688492,
      0.36369372488323476,
      0.2096280168951157,
      0.04439114371155429,
      0.04290397129707321,
      0.767189540363276,
      0.01008803482002708,
      0.18630484868389935,
      0.19389622784556548,
      0.044074881869160115,
      0.5405745701606516,
      0.008247865739084226,
      0.15105159197161463,
      0.1697813434485946,
      0.46983338518500295,
      0.19651198100247946,
      0.2012209880151952,
      0.2613336376895468,
      0.4732107507552292,
      0.4809081958084063,
      0.3194627945336079,
      0.38275370022968797,
      0.3478382508981029,
      0.39194704053279683,
      0.029717695171903348,
      0.1718023396320637,
      0.07693926955125205,
      0.7633702276930656,
      0.2091549541274324,
      0.16887792023958878,
      0.3507984191567758,
      0.3517663828408029,
      0.07952884724205316,
      0.09675313643727657,
      0.02390622101671592,
      0.12178262878719735,
      0.13319266917161757,
      0.12922256220246667,
      0.0806652792640044,
      0.011259623894694825,
      0.4036031950081778,
      0.3969950652472286
    ],
    [
      0.3147683873184241,
      0.3417842147293701,
      0.0,
      0.08032668804905323,
      0.2554445958789895,
      0.19549690145247897,
      0.2621155262729235,
      0.2859514081122354,
      0.2530116127241023,
      0.06908065687853421,
      0.1337923119681078,
      0.37785646903432885,
      0.3659344380257931,
      0.7125509325465139,
      0.3381813039601404,
      0.2725601943952988,
      0.4154320465091389,
      0.3089433211355291,
      0.20408837174145888,
      0.3479544555664722,
      0.4928024973112964,
      0.32779636788180067,
      0.14013661694050178,
      0.3860352619272661,
      0.38343218769251003,
      0.09059127867482625,
      0.6135875179085083,
      0.6211002856689164,
      0.5871673908411936,
      0.3376372533579958,
      0.3209050871742924,
      0.344839627517037,
      0.3237324018670373,
      0.2679299376410574,
      0.3535225974961853,
      0.7097596048389999,
      0.39387916410150625,
      0.338159445469266,
      0.06587584320219109,
      0.06984821412355693,
      0.28705461555645145,
      0.35690335215812113,
      0.3178787112466185,
      0.32240138446522204,
      0.44659212063184955,
      0.47100540338408464,
      0.3133100967326939,
      0.349539358340919,
      0.3106107672019128,
      0.32276785262280755
    ],
    [
      0.3266150832788449,
      0.3624767444047658,
      0.08032668804905323,
      0.0,
      0.33306078357748564,
      0.241655593376705,
      0.19525688680878783,
      0.26367409102757416,
      0.18615234925452764,
      0.012719881422407082,
      0.1578422389375543,
      0.3922535135237107,
      0.3784023599219466,
      0.7926771953131092,
      0.3568777904706961,
      0.33123007766779106,
      0.39657496414334686,
      0.32368613215745906,
      0.18503272642906257,
      0.36730560164234594,
      0.5103036442154746,
      0.30858128550877373,
      0.1121665634008665,
      0.4410906266760592,
      0.43945135072102226,
      0.10420529082867634,
      0.6833969925482326,
      0.6910531767753436,
      0.5676615384228331,
      0.41631729674146395,
      0.3979813761508051,
      0.4237684837532129,
      0.3501077388790588,
      0.25035121159780227,
      0.38966988116937623,
      0.7899077234719784,
      0.4502592038579186,
      0.39204042232046366,
      0.016382906674028825,
      0.013126835125797227,
      0.32237173694796595,
      0.39669256000430597,
      0.3392347522358174,
      0.31512853167588284,
      0.48074723945842596,
      0.48948989455240843,
      0.31694955351528187,
      0.36826768643041025,
      0.23820543707759842,
      0.2524152959328876
    ],
    [
      0.33703345829768777,
      0.32653337510724306,
      0.2554445958789895,
      0.33306078357748564,
      0.0,
      0.1879997676724622,
      0.47726173273290096,
      0.4057414065347105,
      0.46921230759042243,
      0.3232293580964593,
      0.2477119142398453,
      0.3706241942696756,
      0.3683416333075152,
      0.48369520034687796,
      0.33063005797416284,
      0.14418051593699724,
      0.4949908568891399,
      0.32503084315001385,
      0.4205076781525184,
      0.3347713612716833,
      0.4484247487093523,
      0.42832151650506145,
      0.37787232852725405,
      0.22463891556524665,
      0.21839889019791037,
      0.26810144539416164,
      0.3715667685168052,
      0.378539691481155,
      0.6435749503110956,
      0.08492694809994258,
      0.06572204199688174,
      0.09338263533146739,
      0.29697835402981154,
      0.3831852571561676,
      0.2804369561448805,
      0.48038662903387996,
      0.22450377807894298,
      0.1980171521425843,
      0.3170660150068733,
      0.3208478744395403,
      0.24719064369712432,
      0.26875356026166164,
      0.3099177396824017,
      0.39447241805055,
      0.3539077343261194,
      0.42756014407072535,
      0.3593977755068677,
      0.337784395395283,
      0.5333638179132306,
      0.5398181565774123
    ],
    [
      0.15940767404990294,
      0.16589771816601329,
      0.19549690145247897,
      0.241655593376705,
      0.1879997676724622,
      0.0,
      0.3200437003500772,
      0.2191260789734701,
      0.3134461134035139,
      0.2381064083730832,
      0.09212264624666919,
      0.2087317138305751,
      0.20143778903197437,
      0.6657222051128753,
      0.16601581364586862,
      0.09909568462249736,
      0.30958187835260603,
      0.14880071672908657,
      0.3995731173379916,
      0.1736037986501417,
      0.3125201264361208,
      0.24032613063189334,
      0.3341415954268006,
      0.20065904441358096,
      0.19966299659842507,
      0.140408510379177,
      0.4611564901152788,
      0.4690609230108715,
      0.4661528440382737,
      0.2634969908443944,
      0.23185043029596045,
      0.2729547124802392,
      0.14092956767137066,
      0.19674513629978055,
      0.15958483463941497,
      0.6622267031656583,
      0.2106046473814399,
      0.15144796984945236,
      0.22648916212498954,
      0.22886132934379763,
      0.09582101325544602,
      0.16159292607345602,
      0.14370214344542673,
      0.20785597741650194,
      0.2525963265129775,
      0.2902757350005707,
      0.17606264399277916,
      0.17604581791505175,
      0.3774780538867881,
      0.37943175913950145
    ],
    [
      0.30419660615472044,
      0.3527931155157409,
      0.2621155262729235,
      0.19525688680878783,
      0.47726173273290096,
      0.3200437003500772,
      0.0,
      0.17785903219460486,
      0.009150523814515338,
      0.20761829729622064,
      0.2341727783607698,
      0.3615997528232029,
      0.34569839441762396,
      0.9577360610741269,
      0.3435999800989666,
      0.4184821434301543,
      0.2842909743619759,
      0.3089100577781816,
      0.3416387132559946,
      0.3534158560334433,
      0.4707946564092884,
      0.2146191127404348,
      0.2784849894635261,
      0.505060598388929,
      0.5062110826442441,
      0.21019330477646436,
      0.7788386496234346,
      0.7867788421589648,
      0.43687571650582946,
      0.56175836318462,
      0.535788731284537,
      0.5705015742772672,
      0.35656102253411437,
      0.18299593475236114,
      0.4122184891855562,
      0.9546284179395613,
      0.516926213626482,
      0.45855621060918106,
      0.20274006121744287,
      0.19930946133829303,
      0.35587323953021915,
      0.42707084388711836,
      0.33623213699347665,
      0.24945957442748404,
      0.4859849442711614,
      0.4547006928645842,
      0.27750488186012523,
      0.3526867733090826,
      0.057462275357398965,
      0.06282532097529896
    ],
    [
      0.13459611242620806,
      0.1837569321320409,
      0.2859514081122354,
      0.26367409102757416,
      0.4057414065347105,
      0.2191260789734701,
      0.17785903219460486,
      0.0,
      0.17716764907149504,
      0.27090488144871244,
      0.17496654365906278,
      0.18559226429191217,
      0.16980026119850297,
      0.8846492364582315,
      0.17388313069406175,
      0.3021092051467655,
      0.13290305564372937,
      0.14233341684494927,
      0.4471450846109475,
      0.18267543308559303,
      0.29294232807052234,
      0.04528216549956541,
      0.37469504224969213,
      0.3617254077086888,
      0.3645819345645792,
      0.1969425855313423,
      0.6425133522567801,
      0.6503998537837726,
      0.30438142800493234,
      0.4826176662930771,
      0.4507040556735303,
      0.4920786898082403,
      0.19470572781870024,
      0.022588697336717797,
      0.2529437213924455,
      0.881127741570823,
      0.37439959945128926,
      0.32121223908507407,
      0.2592583284653587,
      0.25813504275057303,
      0.21043002826975252,
      0.27059981409914174,
      0.17198805584969537,
      0.07161744938560576,
      0.31519077414937,
      0.2769429888810499,
      0.10389491748588979,
      0.18137598072580963,
      0.22343427468284682,
      0.21488481389751884
    ],
    [
      0.30160846046801876,
      0.3499668363688492,
      0.2530116127241023,
      0.18615234925452764,
      0.46921230759042243,
      0.3134461134035139,
      0.009150523814515338,
      0.17716764907149504,
      0.0,
      0.1985007479986451,
      0.2268633812053439,
      0.3598533325987677,
      0.3439512393921573,
      0.9493458056288343,
      0.3408810562362307,
      0.4120712452594261,
      0.28673186541352563,
      0.30599054355093686,
      0.3338220032135872,
      0.35079362200303676,
      0.47001988679511986,
      0.21512587213919723,
      0.27016247985569813,
      0.499786371983571,
      0.5008322164809439,
      0.2018601635912615,
      0.7728229500323934,
      0.7807601456593166,
      0.44117896717318705,
      0.553779206083599,
      0.5280102677841517,
      0.5624925577200449,
      0.35301757416798835,
      0.18118933298483486,
      0.40828326842683643,
      0.9462483090744557,
      0.5115803915054296,
      0.45303893402700973,
      0.1935924502506545,
      0.19016468477296272,
      0.35116824307475586,
      0.42287200466010166,
      0.332977200141028,
      0.24863337804072091,
      0.48311911028399723,
      0.45362661218258615,
      0.2755289639703971,
      0.35014077939898713,
      0.06461470846339715,
      0.07136556093725782
    ],
    [
      0.3290891422340927,
      0.36369372488323476,
      0.06908065687853421,
      0.012719881422407082,
      0.3232293580964593,
      0.2381064083730832,
      0.20761829729622064,
      0.27090488144871244,
      0.1985007479986451,
      0.0,
      0.15692966411211617,
      0.39455120511895614,
      0.3809596829976934,
      0.7808827061417449,
      0.3583926759975018,
      0.3258046039010084,
      0.40376191885875284,
      0.32569811382582486,
      0.180275818373541,
      0.3687510472102418,
      0.512366003108754,
      0.3155697779418863,
      0.1076786410690588,
      0.4365808626959294,
      0.43475354828621465,
      0.10336418765592877,
      0.6759251755979296,
      0.6835485034234933,
      0.5751958554152015,
      0.40610954883873435,
      0.3883666355134657,
      0.4134525376645997,
      0.3503705135259687,
      0.2568431187726292,
      0.3884358067194625,
      0.7781314714600363,
      0.44550756718009854,
      0.3876658995422869,
      0.012930025731218089,
      0.012883711335637095,
      0.32106102202231246,
      0.3948548826280532,
      0.3402650101525286,
      0.3204329743943373,
      0.48004432398721486,
      0.49136185186802384,
      0.3206391513833899,
      0.36981472204493326,
      0.25089717215555013,
      0.26503607757731673
    ],
    [
      0.1809774682943952,
      0.2096280168951157,
      0.1337923119681078,
      0.1578422389375543,
      0.2477119142398453,
      0.09212264624666919,
      0.2341727783607698,
      0.17496654365906278,
      0.2268633812053439,
      0.15692966411211617,
      0.0,
      0.24432605089305906,
      0.2321931572563656,
      0.731338053817614,
      0.20537636593232464,
      0.1904241147218772,
      0.29390569231819635,
      0.17527045090704355,
      0.33109636049484703,
      0.21538891489723327,
      0.36021250939657273,
      0.2101956064543898,
      0.2609852207817542,
      0.2916326391068371,
      0.2910243413614241,
      0.05367222090588867,
      0.5523440396802051,
      0.5602247975300225,
      0.4630961522542809,
      0.33075943036802313,
      0.30306074084805135,
      0.33980369935743415,
      0.19414052647968288,
      0.1534374591622581,
      0.23182788981107844,
      0.7280510251822343,
      0.3019903648199515,
      0.24254640548985298,
      0.14432870122277064,
      0.145928571255398,
      0.164547562280361,
      0.2391621974620779,
      0.18582015743335908,
      0.19515354707024765,
      0.3231278442153788,
      0.3386402907788279,
      0.1808941052312044,
      0.21679935220163452,
      0.29145618251299904,
      0.2955623914454778
    ],
    [
      0.06575587784563432,
      0.04439114371155429,
      0.37785646903432885,
      0.3922535135237107,
      0.3706241942696756,
      0.2087317138305751,
      0.3615997528232029,
      0.18559226429191217,
      0.3598533325987677,
      0.39455120511895614,
      0.24432605089305906,
      0.0,
      0.01590304142483188,
      0.8059047360539668,
      0.04271728287765817,
      0.2294873537412687,
      0.16509919508622498,
      0.06920186655343942,
      0.5733747009913246,
      0.03617134116521086,
      0.1182443244308146,
      0.16124703217439154,
      0.5017335439239607,
      0.22785542583563484,
      0.23329499923927088,
      0.2940314644726482,
      0.497795392816012,
      0.5053216672427937,
      0.2773234368286287,
      0.42531304534511594,
      0.39036315764376517,
      0.4344261359320786,
      0.0736633918437796,
      0.17866956988701319,
      0.10880936612342025,
      0.8020477657567922,
      0.2400766897762631,
      0.2061960889576921,
      0.3816221877198071,
      0.38224902760357765,
      0.1238607193514125,
      0.12832765658426923,
      0.0650356038369731,
      0.11576786470424277,
      0.1346418701778922,
      0.0981711914183103,
      0.08460577497310554,
      0.03333282699817039,
      0.40899167690754723,
      0.40030757962288227
    ],
    [
      0.05189051705861357,
      0.04290397129707321,
      0.3659344380257931,
      0.3784023599219466,
      0.3683416333075152,
      0.20143778903197437,
      0.34569839441762396,
      0.16980026119850297,
      0.3439512393921573,
      0.3809596829976934,
      0.2321931572563656,
      0.01590304142483188,
      0.0,
      0.809571804662969,
      0.03771169905016204,
      0.22901753866647695,
      0.15547718941182143,
      0.05708673181116889,
      0.5601704756197121,
      0.03508091751152159,
      0.13281646499744995,
      0.14631706582818635,
      0.4883203333141273,
      0.23508043437789292,
      0.24022697113249344,
      0.28110700748279477,
      0.5078452286830385,
      0.515431161187987,
      0.2766718996114374,
      0.42558708850605237,
      0.3906822333520844,
      0.434794139686816,
      0.07244726424600552,
      0.16276675309832503,
      0.11510027573459873,
      0.8057405917013393,
      0.24750583369417442,
      0.21049123336559405,
      0.368037202809246,
      0.36857817107501495,
      0.1211790434304958,
      0.1349579468489738,
      0.05909352005930908,
      0.10031530952601544,
      0.14897425954479515,
      0.11324533934537824,
      0.06876857302285833,
      0.031950311517888054,
      0.3931692348919094,
      0.3845768151955236
    ],
    [
      0.793765780305671,
      0.767189540363276,
      0.7125509325465139,
      0.7926771953131092,
      0.48369520034687796,
      0.6657222051128753,
      0.9577360610741269,
      0.8846492364582315,
      0.9493458056288343,
      0.7808827061417449,
      0.731338053817614,
      0.8059047360539668,
      0.809571804662969,
      0.0,
      0.7744948989762351,
      0.5894215179028509,
      0.9563028660050399,
      0.781329860550805,
      0.8077298555209336,
      0.774621928078532,
      0.8391310557146455,
      0.9016367785904273,
      0.7968533128106924,
      0.5854967354327927,
      0.5789561232142211,
      0.7475518018738802,
      0.4175363585583724,
      0.4156446434711419,
      1.0808012805711622,
      0.4025676232615013,
      0.4339458608837307,
      0.3932001204601232,
      0.738863933193508,
      0.8623773810631449,
      0.6979604915560262,
      0.004071626133377353,
      0.5750644037201464,
      0.5997336704751763,
      0.7783966251533362,
      0.7823684325347362,
      0.6968502961148011,
      0.6793189974763282,
      0.7583349530851521,
      0.862080974503937,
      0.7269336656544206,
      0.8240252928060584,
      0.8220778054801444,
      0.7777319039283679,
      1.0125590372065962,
      1.0205538346250451
    ],
    [
      0.03963434889713745,
      0.01008803482002708,
      0.3381813039601404,
      0.3568777904706961,
      0.33063005797416284,
      0.16601581364586862,
      0.3435999800989666,
      0.17388313069406175,
      0.3408810562362307,
      0.3583926759975018,
      0.20537636593232464,
      0.04271728287765817,
      0.03771169905016204,
      0.7744948989762351,
      0.0,
      0.19168797841560478,
      0.18519152162841668,
      0.035587118607862483,
      0.5359316470633366,
      0.010584211453859352,
      0.15483633461771726,
      0.15970355125042907,
      0.4648923603001099,
      0.20573757130560819,
      0.21033412920703765,
      0.25648396312915966,
      0.48294526050808406,
      0.49065334285323076,
      0.31407066284887397,
      0.38841040866636056,
      0.35354069952219486,
      0.3976534370305999,
      0.035699084865866766,
      0.1622200395889474,
      0.0865259952720039,
      0.7706884963115362,
      0.21841689465908942,
      0.17700967644018753,
      0.3454782367824944,
      0.3463515109959397,
      0.08347835249093041,
      0.10625118162411674,
      0.02231938073177591,
      0.1117032857773191,
      0.14248515007765214,
      0.13333438661568475,
      0.07062898806643976,
      0.011445131565867826,
      0.3941325084975562,
      0.3873663098239679
    ],
    [
      0.2053533599226522,
      0.18630484868389935,
      0.2725601943952988,
      0.33123007766779106,
      0.14418051593699724,
      0.09909568462249736,
      0.4184821434301543,
      0.3021092051467655,
      0.4120712452594261,
      0.3258046039010084,
      0.1904241147218772,
      0.2294873537412687,
      0.22901753866647695,
      0.5894215179028509,
      0.19168797841560478,
      0.0,
      0.3677145470686341,
      0.19291496653337215,
      0.4718737331096159,
      0.19441702711624778,
      0.3045956254129884,
      0.3136995217920819,
      0.4124048310576533,
      0.1142578811778414,
      0.11113935054776941,
      0.23512633274667924,
      0.36210448781996235,
      0.3700031432528177,
      0.5056862528133973,
      0.19680412839635292,
      0.16200857264435126,
      0.20609483964992437,
      0.1566103399361602,
      0.2809103689169604,
      0.13637088488078764,
      0.5857331487155641,
      0.12142154372309337,
      0.06921018983531081,
      0.315280595191019,
      0.31813621325566555,
      0.10938882573435321,
      0.12573286137466344,
      0.17270168820591086,
      0.2727715008693761,
      0.21499045802111674,
      0.28355286426097337,
      0.23273112900652052,
      0.19751530345170826,
      0.47583773079368463,
      0.4771013369657467
    ],
    [
      0.16256139565459068,
      0.19389622784556548,
      0.4154320465091389,
      0.39657496414334686,
      0.4949908568891399,
      0.30958187835260603,
      0.2842909743619759,
      0.13290305564372937,
      0.28673186541352563,
      0.40376191885875284,
      0.29390569231819635,
      0.16509919508622498,
      0.15547718941182143,
      0.9563028660050399,
      0.18519152162841668,
      0.3677145470686341,
      0.0,
      0.17500632484855602,
      0.5797452119542279,
      0.1876614522651088,
      0.22565648791102336,
      0.08835260404475954,
      0.5074336373763361,
      0.39001479034110553,
      0.39492323913369726,
      0.32510832951797924,
      0.6628766535685839,
      0.6704120095453192,
      0.17201723768367175,
      0.5625320406004406,
      0.5283282351883631,
      0.5719887982981791,
      0.21977658035889638,
      0.14803914429653423,
      0.269942334105083,
      0.9525586735679125,
      0.40255215367965136,
      0.3619616527257088,
      0.39203648806330954,
      0.39097276775970086,
      0.2594533643193102,
      0.2898673655840026,
      0.1987633087951546,
      0.10231238399382346,
      0.2935629536965442,
      0.21838643091586188,
      0.1359679914316621,
      0.18478237592143223,
      0.31438505800697497,
      0.299473770685802
    ],
    [
      0.012448978027533216,
      0.044074881869160115,
      0.3089433211355291,
      0.32368613215745906,
      0.32503084315001385,
      0.14880071672908657,
      0.3089100577781816,
      0.14233341684494927,
      0.30599054355093686,
      0.32569811382582486,
      0.17527045090704355,
      0.06920186655343942,
      0.05708673181116889,
      0.781329860550805,
      0.035587118607862483,
      0.19291496653337215,
      0.17500632484855602,
      0.0,
      0.5042462800775533,
      0.04604522766031429,
      0.18667201669907552,
      0.13418361068047158,
      0.4327172471515516,
      0.22556614515148551,
      0.22936920715443418,
      0.22484862751951584,
      0.5056666230757304,
      0.5134690243134841,
      0.31935239846320373,
      0.3887067642237529,
      0.35422887075625753,
      0.3981132795608807,
      0.05311172329392723,
      0.1288702351703038,
      0.11125710097113432,
      0.7775923363208953,
      0.23836449418697087,
      0.19092990096674345,
      0.3127684250746723,
      0.31347817678613626,
      0.08451181866443551,
      0.12971227040666491,
      0.029891152444160483,
      0.08715908850383536,
      0.17712900638631066,
      0.16581389989518772,
      0.04394291003380843,
      0.04616043595429186,
      0.3601476186335899,
      0.3539738058317416
    ],
    [
      0.50828780908875,
      0.5405745701606516,
      0.20408837174145888,
      0.18503272642906257,
      0.4205076781525184,
      0.3995731173379916,
      0.3416387132559946,
      0.4471450846109475,
      0.3338220032135872,
      0.180275818373541,
      0.33109636049484703,
      0.5733747009913246,
      0.5601704756197121,
      0.8077298555209336,
      0.5359316470633366,
      0.4718737331096159,
      0.5797452119542279,
      0.5042462800775533,
      0.0,
      0.5461075251066223,
      0.6905865830059327,
      0.49232798980421777,
      0.07286635746495439,
      0.5861182610084202,
      0.5829405953619168,
      0.27949867829472874,
      0.7917899787737189,
      0.7988584959193523,
      0.7496350056860577,
      0.4902968351430119,
      0.4841928487750513,
      0.49505641621929247,
      0.5248694930302213,
      0.43486758491902006,
      0.5573023812522692,
      0.805718339517262,
      0.593037779894622,
      0.5393468999574972,
      0.193040826850486,
      0.19303599370866076,
      0.49050081748615204,
      0.5609793997090675,
      0.5168335544330797,
      0.5001605499614028,
      0.6502600162415134,
      0.6692535562453782,
      0.5008340723640621,
      0.5473765128270138,
      0.36327987741520035,
      0.38242322675655854
    ],
    [
      0.04922300685899018,
      0.008247865739084226,
      0.3479544555664722,
      0.36730560164234594,
      0.3347713612716833,
      0.1736037986501417,
      0.3534158560334433,
      0.18267543308559303,
      0.35079362200303676,
      0.3687510472102418,
      0.21538891489723327,
      0.03617134116521086,
      0.03508091751152159,
      0.774621928078532,
      0.010584211453859352,
      0.19441702711624778,
      0.1876614522651088,
      0.04604522766031429,
      0.5461075251066223,
      0.0,
      0.14488727479709881,
      0.16675619509865114,
      0.4751575802237049,
      0.2024049335555054,
      0.20726412382663115,
      0.2667078167540272,
      0.4780690430083897,
      0.48573828856005,
      0.3114241065813842,
      0.3907891456958934,
      0.35586589888307674,
      0.3999707036442122,
      0.037893597728904604,
      0.1716220667800629,
      0.08244063693646606,
      0.7707960829871222,
      0.21498677790119572,
      0.1758973365869945,
      0.3558406942305517,
      0.356737112897285,
      0.08777634250080925,
      0.10235253169365255,
      0.030568257265501053,
      0.1188583312614227,
      0.1329552745803281,
      0.1232513801316685,
      0.07895037477383918,
      0.0031322880103859725,
      0.4036279780202529,
      0.39662352307963283
    ],
    [
      0.18399771656477032,
      0.15105159197161463,
      0.4928024973112964,
      0.5103036442154746,
      0.4484247487093523,
      0.3125201264361208,
      0.4707946564092884,
      0.29294232807052234,
      0.47001988679511986,
      0.512366003108754,
      0.36021250939657273,
      0.1182443244308146,
      0.13281646499744995,
      0.8391310557146455,
      0.15483633461771726,
      0.3045956254129884,
      0.22565648791102336,
      0.18667201669907552,
      0.6905865830059327,
      0.14488727479709881,
      0.0,
      0.25941171525443457,
      0.6192847371024376,
      0.2564388596858872,
      0.2633999144391873,
      0.41108809401412927,
      0.4842884619545753,
      0.4910017786804631,
      0.25935307597038637,
      0.48752572211233763,
      0.45338593526986726,
      0.49582905557284307,
      0.17196689983089744,
      0.2902697339905237,
      0.16831877361839637,
      0.8351309413676662,
      0.26561205102119945,
      0.257419494040153,
      0.4994366557736939,
      0.5001490430221175,
      0.2180419118854187,
      0.17995400310037385,
      0.17495456301845774,
      0.22138884500615358,
      0.11225220532577662,
      0.022244528384522008,
      0.1997314899895836,
      0.14341482902534694,
      0.5141669854171547,
      0.5032706387572882
    ],
    [
      0.12368319816571127,
      0.1697813434485946,
      0.32779636788180067,
      0.30858128550877373,
      0.42832151650506145,
      0.24032613063189334,
      0.2146191127404348,
      0.04528216549956541,
      0.21512587213919723,
      0.3155697779418863,
      0.2101956064543898,
      0.16124703217439154,
      0.14631706582818635,
      0.9016367785904273,
      0.15970355125042907,
      0.3136995217920819,
      0.08835260404475954,
      0.13418361068047158,
      0.49232798980421777,
      0.16675619509865114,
      0.25941171525443457,
      0.0,
      0.41981908041022714,
      0.3596312104465453,
      0.3632836484587788,
      0.23781026624710827,
      0.6398461580300188,
      0.6476453302514609,
      0.26031054437738665,
      0.5016949225714832,
      0.46866421178715983,
      0.5112011856611888,
      0.18698349307813295,
      0.059905762564881546,
      0.2444586521288411,
      0.8980229258958207,
      0.3724279710591516,
      0.32317832429842375,
      0.3037732140559178,
      0.30275915732887515,
      0.21301351615378553,
      0.2634429845613663,
      0.16365583037621417,
      0.04800207401571077,
      0.2951814167512066,
      0.24533209873414297,
      0.09057572104824858,
      0.16480688594206103,
      0.25498553386892236,
      0.24386375091743637
    ],
    [
      0.4364310874745841,
      0.46983338518500295,
      0.14013661694050178,
      0.1121665634008665,
      0.37787232852725405,
      0.3341415954268006,
      0.2784849894635261,
      0.37469504224969213,
      0.27016247985569813,
      0.1076786410690588,
      0.2609852207817542,
      0.5017335439239607,
      0.4883203333141273,
      0.7968533128106924,
      0.4648923603001099,
      0.4124048310576533,
      0.5074336373763361,
      0.4327172471515516,
      0.07286635746495439,
      0.4751575802237049,
      0.6192847371024376,
      0.41981908041022714,
      0.0,
      0.5260965740181931,
      0.5234101496784829,
      0.20850195275643985,
      0.7456170598632053,
      0.7529320142042671,
      0.6777529867394027,
      0.45377508401339145,
      0.44319248680870865,
      0.45958905922828114,
      0.45512022545803,
      0.36213290934971437,
      0.48984785177166607,
      0.794531998296155,
      0.5338027326646125,
      0.47829380539920074,
      0.12052474563278995,
      0.12035865249104104,
      0.42265980411026755,
      0.4945941937864328,
      0.44620867869966124,
      0.4272948730245186,
      0.5824292308175635,
      0.5981085092980457,
      0.42831554287942597,
      0.4763338321204659,
      0.3067865210302616,
      0.3248317946769485
    ],
    [
      0.23663086408304995,
      0.19651198100247946,
      0.3860352619272661,
      0.4410906266760592,
      0.22463891556524665,
      0.20065904441358096,
      0.505060598388929,
      0.3617254077086888,
      0.499786371983571,
      0.4365808626959294,
      0.2916326391068371,
      0.22785542583563484,
      0.23508043437789292,
      0.5854967354327927,
      0.20573757130560819,
      0.1142578811778414,
      0.39001479034110553,
      0.22556614515148551,
      0.5861182610084202,
      0.2024049335555054,
      0.2564388596858872,
      0.3596312104465453,
      0.5260965740181931,
      0.0,
      0.007158368166703454,
      0.3410575911820336,
      0.28087814259349225,
      0.28874611467352973,
      0.4965910944534751,
      0.24006997453259335,
      0.20840474922777782,
      0.24735488032610367,
      0.17358737640407032,
      0.3438068347440033,
      0.12008771802394609,
      0.5815437978193616,
      0.012798419615326202,
      0.04921196420313006,
      0.42550235532750275,
      0.42811899152233773,
      0.15215970049789676,
      0.10017193012740232,
      0.1966468708926248,
      0.31268435008589607,
      0.1464869843900771,
      0.2397173192434161,
      0.2694661333846935,
      0.20525091969520806,
      0.5611936889144497,
      0.559392193573247
    ],
    [
      0.2405776186583111,
      0.2012209880151952,
      0.38343218769251003,
      0.43945135072102226,
      0.21839889019791037,
      0.19966299659842507,
      0.5062110826442441,
      0.3645819345645792,
      0.5008322164809439,
      0.43475354828621465,
      0.2910243413614241,
      0.23329499923927088,
      0.24022697113249344,
      0.5789561232142211,
      0.21033412920703765,
      0.11113935054776941,
      0.39492323913369726,
      0.22936920715443418,
      0.5829405953619168,
      0.20726412382663115,
      0.2633999144391873,
      0.3632836484587788,
      0.5234101496784829,
      0.007158368166703454,
      0.0,
      0.3399645194805528,
      0.27793603578394993,
      0.285827523694563,
      0.5028372546146681,
      0.2329865536112501,
      0.20140738856060167,
      0.24024741684357154,
      0.1777382914593827,
      0.34640940807374754,
      0.12513764600810687,
      0.5750081376390853,
      0.010968916907328518,
      0.048570230299026816,
      0.42378398206409884,
      0.42644907220672396,
      0.1545621776788917,
      0.10527067047131632,
      0.20067452240424807,
      0.31652550403089635,
      0.1535947377203084,
      0.24656966380611958,
      0.2733034728170329,
      0.21014243631613616,
      0.5625018330339052,
      0.5609545317312664
    ],
    [
      0.22931573936339522,
      0.2613336376895468,
      0.09059127867482625,
      0.10420529082867634,
      0.26810144539416164,
      0.140408510379177,
      0.21019330477646436,
      0.1969425855313423,
      0.2018601635912615,
      0.10336418765592877,
      0.05367222090588867,
      0.2940314644726482,
      0.28110700748279477,
      0.7475518018738802,
      0.25648396312915966,
      0.23512633274667924,
      0.32510832951797924,
      0.22484862751951584,
      0.27949867829472874,
      0.2667078167540272,
      0.41108809401412927,
      0.23781026624710827,
      0.20850195275643985,
      0.3410575911820336,
      0.3399645194805528,
      0.0,
      0.5945259100086566,
      0.602335086115733,
      0.4966997711160075,
      0.3529442060604617,
      0.3286536014357362,
      0.36148390044068,
      0.24714611696213346,
      0.17810165861743288,
      0.28547814190128395,
      0.7444391089605998,
      0.3508870508222264,
      0.29184566635072734,
      0.09069999154939465,
      0.09225834925561065,
      0.21816791056652005,
      0.2925671692039327,
      0.23771079320647218,
      0.23195776167399804,
      0.37677126349175233,
      0.38977968928658,
      0.22480188536177786,
      0.26792878553235133,
      0.2655657331131794,
      0.27300446592134586
    ],
    [
      0.516318046457416,
      0.4732107507552292,
      0.6135875179085083,
      0.6833969925482326,
      0.3715667685168052,
      0.4611564901152788,
      0.7788386496234346,
      0.6425133522567801,
      0.7728229500323934,
      0.6759251755979296,
      0.5523440396802051,
      0.497795392816012,
      0.5078452286830385,
      0.4175363585583724,
      0.48294526050808406,
      0.36210448781996235,
      0.6628766535685839,
      0.5056666230757304,
      0.7917899787737189,
      0.4780690430083897,
      0.4842884619545753,
      0.6398461580300188,
      0.7456170598632053,
      0.28087814259349225,
      0.27793603578394993,
      0.5945259100086566,
      0.0,
      0.007946005814870934,
      0.7431404406514092,
      0.31246550708827037,
      0.309919871691415,
      0.3109383127423394,
      0.4529764679913918,
      0.6242755752902888,
      0.3964842959631658,
      0.4135621598844073,
      0.2681579877034077,
      0.32274845043718003,
      0.6670330200048586,
      0.6703479005573862,
      0.43238530700598415,
      0.37697773336781726,
      0.4762688465241161,
      0.5924694736234508,
      0.3792845419119095,
      0.47587258534834703,
      0.5493643734071635,
      0.480644228353673,
      0.8358681304655646,
      0.8356929801725144
    ],
    [
      0.5241009645517655,
      0.4809081958084063,
      0.6211002856689164,
      0.6910531767753436,
      0.378539691481155,
      0.4690609230108715,
      0.7867788421589648,
      0.6503998537837726,
      0.7807601456593166,
      0.6835485034234933,
      0.5602247975300225,
      0.5053216672427937,
      0.515431161187987,
      0.4156446434711419,
      0.49065334285323076,
      0.3700031432528177,
      0.6704120095453192,
      0.5134690243134841,
      0.7988584959193523,
      0.48573828856005,
      0.4910017786804631,
      0.6476453302514609,
      0.7529320142042671,
      0.28874611467352973,
      0.285827523694563,
      0.602335086115733,
      0.007946005814870934,
      0.0,
      0.7499588488803641,
      0.3186615293162591,
      0.3166287949467175,
      0.31698348281763833,
      0.4607575899879296,
      0.6321806667080294,
      0.4042076063004458,
      0.4116876180794645,
      0.2760315941567016,
      0.33068216317795174,
      0.6746868137510378,
      0.6780085875839928,
      0.4402908924176918,
      0.38472028924355683,
      0.4840544855705819,
      0.6002492435474593,
      0.38636356524066406,
      0.4827611180281713,
      0.5571531611365709,
      0.48830572529197996,
      0.8438106593146142,
      0.8436388749272076
    ],
    [
      0.30779673143146025,
      0.3194627945336079,
      0.5871673908411936,
      0.5676615384228331,
      0.6435749503110956,
