{
  "points": [
    {
      "x": 60.1231951,
      "y": 29.9416964
    },
    {
      "x": 59.9693246,
      "y": 30.2332697
    },
    {
      "x": 59.9628153,
      "y": 30.3068426
    },
    {
      "x": 59.9325242,
      "y": 30.3475786
    },
    {
      "x": 59.9631631,
      "y": 30.301681
    },
    {
      "x": 59.9666869,
      "y": 30.2860197
    },
    {
      "x": 60.104587,
      "y": 29.9772705
    },
    {
      "x": 59.9576695,
      "y": 30.3080406
    },
    {
      "x": 59.943893,
      "y": 30.4792721
    },
    {
      "x": 59.9189957,
      "y": 30.4724255
    },
    {
      "x": 59.8755617,
      "y": 30.4592322
    },
    {
      "x": 59.9320764,
      "y": 30.3211694
    },
    {
      "x": 59.9277061,
      "y": 30.3428473
    },
    {
      "x": 59.9315628,
      "y": 30.2915751
    },
    {
      "x": 59.9736416,
      "y": 30.3336912
    },
    {
      "x": 59.9333797,
      "y": 30.30012
    },
    {
      "x": 59.9325821,
      "y": 30.2974425
    },
    {
      "x": 59.9350026,
      "y": 30.3714069
    },
    {
      "x": 59.9388254,
      "y": 30.3626139
    },
    {
      "x": 59.9091262,
      "y": 30.4791166
    },
    {
      "x": 60.0293388,
      "y": 30.3988145
    },
    {
      "x": 59.851853,
      "y": 30.3200277
    },
    {
      "x": 59.9291174,
      "y": 30.3437479
    },
    {
      "x": 59.9475457,
      "y": 30.473551
    },
    {
      "x": 59.8347284,
      "y": 30.4183779
    },
    {
      "x": 59.9334752,
      "y": 30.3112091
    },
    {
      "x": 59.8581901,
      "y": 30.3909083
    },
    {
      "x": 59.9518657,
      "y": 30.2165035
    },
    {
      "x": 59.9493775,
      "y": 30.4615917
    },
    {
      "x": 59.7490916,
      "y": 30.6046295
    },
    {
      "x": 59.8398152,
      "y": 30.3286916
    },
    {
      "x": 59.8371801,
      "y": 30.3336094
    },
    {
      "x": 59.8801655,
      "y": 30.4578041
    },
    {
      "x": 59.8823216,
      "y": 29.8900809
    },
    {
      "x": 59.8819869,
      "y": 29.893124
    },
    {
      "x": 60.0247417,
      "y": 30.2382911
    },
    {
      "x": 59.9290373,
      "y": 30.343701
    },
    {
      "x": 59.9524487,
      "y": 30.4775349
    },
    {
      "x": 59.9616707,
      "y": 30.3063112
    },
    {
      "x": 60.0071999,
      "y": 30.377142
    },
    {
      "x": 59.851202,
      "y": 30.24987
    },
    {
      "x": 59.9359903,
      "y": 30.3357311
    },
    {
      "x": 59.935029,
      "y": 30.3357349
    },
    {
      "x": 60.1094642,
      "y": 30.4939083
    },
    {
      "x": 59.9321164,
      "y": 30.2403706
    },
    {
      "x": 59.9279384,
      "y": 30.2419498
    },
    {
      "x": 59.9884977,
      "y": 30.2017883
    },
    {
      "x": 59.7171418,
      "y": 30.4051356
    },
    {
      "x": 59.7188345,
      "y": 30.4095654
    },
    {
      "x": 59.9475214,
      "y": 30.3596804
    }
  ],
  "distance_matrix": [
    [
      0.0,
      0.3296833633096136,
      0.398815029333746,
      0.44843701049717694,
      0.3939532374040807,
      0.3782239437028395,
      0.040146954758980856,
      0.40200347900111344,
      0.5666894001963471,
      0.5686569902385493,
      0.5737295574372967,
      0.42488364903663545,
      0.44624880245419823,
      0.39892109886163774,
      0.4195547313394143,
      0.4055827450892312,
      0.4035946028308702,
      0.46911355860441595,
      0.4595255467156723,
      0.5784859249067751,
      0.4666540071587286,
      0.46557610311537523,
      0.4464432352377363,
      0.560108942315259,
      0.557169892807512,
      0.4153712507110939,
      0.5215543894231988,
      0.323840555697969,
      0.5481821604465508,
      0.7612054412495077,
      0.4796555561515452,
      0.48518077022280937,
      0.5704652000564531,
      0.246341638466784,
      0.2460501448668502,
      0.3125083807510598,
      0.4464358293439249,
      0.5623853049246631,
      0.39879077744401004,
      0.4506303995320295,
      0.4110367552720411,
      0.43624417697790274,
      0.436660990553835,
      0.5523825849141332,
      0.3545664216184715,
      0.3581581816829643,
      0.2929013247023094,
      0.61616164643503,
      0.618392186232457,
      0.45340034531050655
    ],
    [
      0.3296833633096136,
      0.0,
      0.07386029109677099,
      0.12008661065817959,
      0.06868820895859513,
      0.052815906328396625,
      0.2895367114104899,
      0.0756738319554394,
      0.2473134591653253,
      0.24439413832751625,
      0.24464368543385565,
      0.0954661493060741,
      0.11721497329270446,
      0.06946562609233202,
      0.10051424849865766,
      0.07590124140025384,
      0.07394700511913868,
      0.1423372253061018,
      0.1328913965397297,
      0.25310975011281117,
      0.17608743569227045,
      0.1460360481886591,
      0.11756722165246421,
      0.24126629191600676,
      0.22886935741090078,
      0.08578886613494771,
      0.19287510285210277,
      0.02420575658082219,
      0.22919167193074333,
      0.43175302586668746,
      0.16086647782546407,
      0.16592234411416842,
      0.24158857981322382,
      0.3540453000033196,
      0.35117940012161925,
      0.05564413203896676,
      0.11755057873519748,
      0.24484747074831875,
      0.07344142500973017,
      0.14877424863658265,
      0.11928335420690474,
      0.10774745494186785,
      0.10805232709386453,
      0.2959249690345838,
      0.03787971657827069,
      0.042286660857176084,
      0.036860362309263324,
      0.3051787217331019,
      0.30630942531450195,
      0.12827721779306483
    ],
    [
      0.398815029333746,
      0.07386029109677099,
      0.0,
      0.050763889086730594,
      0.0051733044951955305,
      0.021179765130187964,
      0.35877149276287257,
      0.005283413824414722,
      0.17346465319349624,
      0.17128296505073135,
      0.1756011984615153,
      0.03391367233801369,
      0.050289107635053724,
      0.03478239946438509,
      0.028949198497540643,
      0.03019350754913974,
      0.03166083167338329,
      0.07030003638534188,
      0.06071205156886211,
      0.18044625386748964,
      0.11350861835939823,
      0.11174291424202681,
      0.04997549031775532,
      0.1674062463432008,
      0.16984221235517355,
      0.029663239712822136,
      0.13421428534820803,
      0.09100025675221844,
      0.15533144697597512,
      0.3665444826392867,
      0.12492559145752088,
      0.12845491450809224,
      0.1721056766126303,
      0.4244638386559916,
      0.4215404016610029,
      0.09238066447698567,
      0.049994949090486525,
      0.1710068059313714,
      0.001261941012887621,
      0.08313842888532369,
      0.12531323109572357,
      0.03942240552338439,
      0.04008545206156567,
      0.23769618420937935,
      0.07321850343465373,
      0.07367138959901538,
      0.10814800792548074,
      0.2646072229763418,
      0.26472363779700864,
      0.0550066949202548
    ],
    [
      0.44843701049717694,
      0.12008661065817959,
      0.050763889086730594,
      0.0,
      0.05518452572025941,
      0.07040304141512256,
      0.40833037612875306,
      0.04685658498108521,
      0.13218331042794396,
      0.12557773987399337,
      0.12534453637558593,
      0.02641299622307156,
      0.006752724435367479,
      0.05601175146529444,
      0.04339931406738742,
      0.047466310096845384,
      0.050136133433083534,
      0.023956843436689457,
      0.01630231172349419,
      0.13360281377276714,
      0.10953622333259974,
      0.08524608260941169,
      0.0051264557669006994,
      0.1268648533834741,
      0.12073342278810018,
      0.036381931384272814,
      0.08604081197257679,
      0.1324944355897975,
      0.11525198780281425,
      0.31578898640321945,
      0.09461330482549037,
      0.09636200471892953,
      0.12202907160157009,
      0.4602438989840586,
      0.45725594818706145,
      0.14299589141824587,
      0.005214810962061172,
      0.1314748097923696,
      0.05052243823302345,
      0.08031472337031409,
      0.12712305348283545,
      0.012344112177874046,
      0.01210567027181829,
      0.2296086773231554,
      0.10720877559621693,
      0.10572829777821831,
      0.15616607914761602,
      0.22294032044195494,
      0.22249865451353143,
      0.019270951483512346
    ],
    [
      0.3939532374040807,
      0.06868820895859513,
      0.0051733044951955305,
      0.05518452572025941,
      0.0,
      0.016052834146340275,
      0.3538967250504859,
      0.008403817770516832,
      0.17863352303870703,
      0.17636451883247495,
      0.1802675397940539,
      0.03669033457806286,
      0.054331051017720094,
      0.0331769223241102,
      0.03368162505417578,
      0.029824279313337382,
      0.030873328995272068,
      0.07519783834034426,
      0.06561358048224697,
      0.18548147807522694,
      0.11753357006719273,
      0.11281196639940745,
      0.05411777678452946,
      0.1725780985025643,
      0.17353281716637958,
      0.031179417826835306,
      0.13777097587768772,
      0.0859234412311887,
      0.1605038153498243,
      0.3709506716054077,
      0.12627064958560835,
      0.1299659148221617,
      0.17681352877925272,
      0.41946393223048256,
      0.41654339233198606,
      0.08837535516177167,
      0.05413178941842245,
      0.1761800003194746,
      0.004864772327665636,
      0.08737048858304593,
      0.12336801706362213,
      0.043563406315969506,
      0.044172340757765424,
      0.24156851352463046,
      0.06872308730732547,
      0.0693440389905997,
      0.10305529326749621,
      0.26688824311844794,
      0.26708708044628837,
      0.06007156714494882
    ],
    [
      0.3782239437028395,
      0.052815906328396625,
      0.021179765130187964,
      0.07040304141512256,
      0.016052834146340275,
      0.0,
      0.33814568765644726,
      0.02379566220070386,
      0.1945920141808736,
      0.1924099083495424,
      0.19572013752112855,
      0.04932938394445875,
      0.06891210989658932,
      0.0355607208865315,
      0.04817613272503312,
      0.03616888209400034,
      0.03596689787679864,
      0.09107617026604736,
      0.08150420023464947,
      0.2014935407751319,
      0.12902684790635538,
      0.11976380360196551,
      0.06887679148660816,
      0.18850563391349856,
      0.18690034464785943,
      0.04168360456162705,
      0.1509078328656244,
      0.0710786186689067,
      0.17642319153773323,
      0.3858236893169343,
      0.1338555912560266,
      0.13797387720989196,
      0.19234300803855695,
      0.4048271695298255,
      0.40192178477720014,
      0.07515569879257336,
      0.0688812365586593,
      0.19204374025278506,
      0.020902326059315992,
      0.09972249859630512,
      0.12101059018986557,
      0.058425204676747965,
      0.05893915289049991,
      0.252196406408279,
      0.05726220220232765,
      0.05868221483771539,
      0.0870094232977108,
      0.27651646346432895,
      0.2769374517363983,
      0.07611317306971026
    ],
    [
      0.040146954758980856,
      0.2895367114104899,
      0.35877149276287257,
      0.40833037612875306,
      0.3538967250504859,
      0.33814568765644726,
      0.0,
      0.3619303950489123,
      0.5270940789257261,
      0.5287935368938335,
      0.5336100339264442,
      0.38474194018012947,
      0.40611974771371284,
      0.3587823230968884,
      0.3797135936066171,
      0.3654363682278213,
      0.3634498523978394,
      0.42907152146037647,
      0.41948354432339907,
      0.5385670175770619,
      0.4282074678695379,
      0.4258602739254305,
      0.4063191667087838,
      0.5205346334163962,
      0.517106761054929,
      0.3752255810431929,
      0.4814640816493483,
      0.28382428325055636,
      0.5085833399352477,
      0.7210799500070462,
      0.44000101772661004,
      0.4455152767535845,
      0.530356060011775,
      0.2387549672474311,
      0.2379736077430864,
      0.2729597507993649,
      0.40631146735028484,
      0.522886729831854,
      0.35873785841778816,
      0.4115597936614552,
      0.37217528884284057,
      0.3961298385671688,
      0.39654336639434534,
      0.5166608205280149,
      0.3145914342196413,
      0.3182135442284796,
      0.2527547587906707,
      0.5772194788822126,
      0.5793823192178579,
      0.41340891901526516
    ],
    [
      0.40200347900111344,
      0.0756738319554394,
      0.005283413824414722,
      0.04685658498108521,
      0.008403817770516832,
      0.02379566220070386,
      0.3619303950489123,
      0.0,
      0.1717848030080051,
      0.16887290532956803,
      0.17204822211054546,
      0.028764077545612558,
      0.04592724359734415,
      0.030865392839555205,
      0.030216903527163486,
      0.02554858681805997,
      0.027234121288748313,
      0.0672984125466567,
      0.057735129494094393,
      0.17782983369190233,
      0.1156563421680766,
      0.1064932966841605,
      0.04571907356563376,
      0.16581973294695546,
      0.16519332262685166,
      0.02440089229393508,
      0.1294728030423749,
      0.09172090694519999,
      0.15377482750830646,
      0.3625875287039262,
      0.11964990526319277,
      0.12317247681929942,
      0.16862970067058286,
      0.42469708835651476,
      0.42176254089039406,
      0.0967660723760649,
      0.045732559571929315,
      0.16957468704122353,
      0.004358947785875397,
      0.08501919786800996,
      0.12132249280578694,
      0.03516747791482879,
      0.03577102867880489,
      0.2399759005637413,
      0.07233387739925606,
      0.07247021561890193,
      0.1106342133814418,
      0.2593858390357702,
      0.25951771084078407,
      0.05262749165264957
    ],
    [
      0.5666894001963471,
      0.2473134591653253,
      0.17346465319349624,
      0.13218331042794396,
      0.17863352303870703,
      0.1945920141808736,
      0.5270940789257261,
      0.1717848030080051,
      0.0,
      0.025821531303351342,
      0.07120929821098208,
      0.1585436715320112,
      0.13738173745680365,
      0.18810156203774606,
      0.14858929183076927,
      0.17946031430736947,
      0.1821810634917094,
      0.10823095944876358,
      0.11676821569673829,
      0.03476714774740647,
      0.1173644330084673,
      0.18392971628141103,
      0.1363272795188099,
      0.006787724397761014,
      0.12500005394718808,
      0.16838557695313502,
      0.12309812435147074,
      0.2628895225969431,
      0.018511517614985748,
      0.23165073532523411,
      0.1830482871624078,
      0.18056928088049973,
      0.06724633283868126,
      0.592399618041233,
      0.589408144116468,
      0.25418173548209266,
      0.13638260511406924,
      0.008730284435797061,
      0.17387213562299092,
      0.12015956438677738,
      0.24742058314822848,
      0.14375837835858388,
      0.1438106334032372,
      0.1662168481829638,
      0.23919158641099916,
      0.23785798985623646,
      0.2810459722617092,
      0.23856304687375796,
      0.23560635060868157,
      0.1196467299822698
    ],
    [
      0.5686569902385493,
      0.24439413832751625,
      0.17128296505073135,
      0.12557773987399337,
      0.17636451883247495,
      0.1924099083495424,
      0.5287935368938335,
      0.16887290532956803,
      0.025821531303351342,
      0.0,
      0.04539356254900523,
      0.1518206590016664,
      0.12987063172018615,
      0.18128651130895035,
      0.14910861941316308,
      0.17290484315440696,
      0.17550965943206712,
      0.10227892448383363,
      0.11158765387196702,
      0.011923835350256574,
      0.1326430512262467,
      0.16653297453696808,
      0.12907506944662042,
      0.028572176155304517,
      0.10011054347595032,
      0.16186532534551687,
      0.10169746745716088,
      0.25802423720262946,
      0.03225561956744308,
      0.215279587543296,
      0.16410053500662733,
      0.16113256040468937,
      0.04149180364843762,
      0.5834982628594273,
      0.5804824538086314,
      0.2569068581789099,
      0.12911557083020633,
      0.033840939368752904,
      0.17150835632554384,
      0.1298419280120644,
      0.23265196397180865,
      0.13774678007314653,
      0.1376277110078137,
      0.1916761857615283,
      0.23242553513437483,
      0.23064912784092584,
      0.2794190795701677,
      0.2127743583875208,
      0.20979966195742847,
      0.1162977778571031
    ],
    [
      0.5737295574372967,
      0.24464368543385565,
      0.1756011984615153,
      0.12534453637558593,
      0.1802675397940539,
      0.19572013752112855,
      0.5336100339264442,
      0.17204822211054546,
      0.07120929821098208,
      0.04539356254900523,
      0.0,
      0.14918192940141967,
      0.12753228375344927,
      0.17676262721972708,
      0.15931167397592041,
      0.16929150395941392,
      0.17154367677722737,
      0.10604953518474082,
      0.11548762545216658,
      0.039012370135770684,
      0.16522014089601664,
      0.14120904813764415,
      0.12729821895446963,
      0.07339430692799079,
      0.05776185780754977,
      0.15894908497962376,
      0.07049771484076492,
      0.2544396239183053,
      0.07385350072873846,
      0.19270459527811074,
      0.13534644624300293,
      0.13135537712023715,
      0.004820212033715747,
      0.5691914427850243,
      0.5661446611090477,
      0.26658890087400344,
      0.1273071010148285,
      0.07903543253686836,
      0.1754981256936946,
      0.15513676751589606,
      0.21077458521588616,
      0.1374923176005476,
      0.13706911715109374,
      0.2364589000597351,
      0.22605051215746025,
      0.2235060626753773,
      0.281126131377377,
      0.16740163334797314,
      0.16440865622612258,
      0.12283631102947609
    ],
    [
      0.42488364903663545,
      0.0954661493060741,
      0.03391367233801369,
      0.02641299622307156,
      0.03669033457806286,
      0.04932938394445875,
      0.38474194018012947,
      0.028764077545612558,
      0.1585436715320112,
      0.1518206590016664,
      0.14918192940141967,
      0.0,
      0.022114042382612747,
      0.02959875634971785,
      0.04341038270137821,
      0.021089709131469004,
      0.02373228847161578,
      0.05032264949990347,
      0.041990422494302834,
      0.15960585724803653,
      0.12445375047691369,
      0.0802315236453241,
      0.02277156874811341,
      0.15316478466361166,
      0.13757225583761243,
      0.010058042430313217,
      0.1016006865178569,
      0.10652026575867778,
      0.14148409945467427,
      0.33739156083555427,
      0.09256734045158987,
      0.09570820943728091,
      0.14616354806483323,
      0.4339502678364058,
      0.4309661500296845,
      0.1243208366887047,
      0.022735635627139244,
      0.1576870324330439,
      0.033114780683705825,
      0.09368282768475024,
      0.10781592190265528,
      0.015078518498183107,
      0.014861750805675495,
      0.24759878667321894,
      0.0807988099011367,
      0.07932759966215862,
      0.13204245578941648,
      0.23075355906161052,
      0.2308375201989713,
      0.04149271196246361
    ],
    [
      0.44624880245419823,
      0.11721497329270446,
      0.050289107635053724,
      0.006752724435367479,
      0.054331051017720094,
      0.06891210989658932,
      0.40611974771371284,
      0.04592724359734415,
      0.13738173745680365,
      0.12987063172018615,
      0.12753228375344927,
      0.022114042382612747,
      0.0,
      0.05141704608133343,
      0.046839132437096455,
      0.04310234218983874,
      0.04566586514060543,
      0.02947693444729291,
      0.02267944681975197,
      0.13753012326941522,
      0.11602384748459846,
      0.0792112802810965,
      0.0016741708544843836,
      0.1322008582492954,
      0.11979033447507285,
      0.03215988516848161,
      0.08451233032522576,
      0.12863297427409182,
      0.12070576667798416,
      0.3169117540374481,
      0.08902355949579231,
      0.09099612888695166,
      0.124399254477673,
      0.4550353456702112,
      0.45204125012163315,
      0.14264608871539072,
      0.0015814225020496881,
      0.136941395671724,
      0.04988467356182426,
      0.08657592440471122,
      0.1204062109365614,
      0.010921001422944545,
      0.01020838371976595,
      0.2363375396262922,
      0.1025715593572607,
      0.10089776741603207,
      0.15360097692254365,
      0.21958405395515612,
      0.21926844313345953,
      0.025999987878841207
    ],
    [
      0.39892109886163774,
      0.06946562609233202,
      0.03478239946438509,
      0.05601175146529444,
      0.0331769223241102,
      0.0355607208865315,
      0.3587823230968884,
      0.030865392839555205,
      0.18810156203774606,
      0.18128651130895035,
      0.17676262721972708,
      0.02959875634971785,
      0.05141704608133343,
      0.0,
      0.059534790573663704,
      0.008735928205978589,
      0.005955279611402576,
      0.07990587284599368,
      0.07140907830381221,
      0.18887883746415485,
      0.14512213851910896,
      0.0846357056023084,
      0.052230077934080306,
      0.1826764387468191,
      0.15954889880911052,
      0.019726916377375798,
      0.12349347240858552,
      0.07776858539905122,
      0.1709473831670141,
      0.3623517575351361,
      0.0989709890726111,
      0.10331977756354717,
      0.17399357139932195,
      0.40450251965974093,
      0.4015234102166639,
      0.10733821342471382,
      0.052187044379424556,
      0.1871290144121149,
      0.03352071427669536,
      0.11420448884356611,
      0.09053824353636428,
      0.04437741646660013,
      0.04429562595200475,
      0.269420919648418,
      0.05120749254952906,
      0.04975747858814678,
      0.1063167545227467,
      0.24263625533141395,
      0.24325920437874785,
      0.06995004504680327
    ],
    [
      0.4195547313394143,
      0.10051424849865766,
      0.028949198497540643,
      0.04339931406738742,
      0.03368162505417578,
      0.04817613272503312,
      0.3797135936066171,
      0.030216903527163486,
      0.14858929183076927,
      0.14910861941316308,
      0.15931167397592041,
      0.04341038270137821,
      0.046839132437096455,
      0.059534790573663704,
      0.0,
      0.052421809021149166,
      0.05477089365657962,
      0.05399487334451522,
      0.04526246080064642,
      0.15909363218658334,
      0.08569260347736947,
      0.12255265938448874,
      0.04564582785457844,
      0.14227353813288707,
      0.16269208429155096,
      0.04603025645562246,
      0.1288520290281051,
      0.11919373663116607,
      0.13018173623461907,
      0.35189524706493386,
      0.13391975708281817,
      0.13646152451695237,
      0.1553762955460733,
      0.45291217765267716,
      0.45000004638658664,
      0.10822383887120138,
      0.04571367054317842,
      0.14539652348010082,
      0.02988255087521949,
      0.0549011067240914,
      0.14838277938359232,
      0.03770651911407389,
      0.03866664697707865,
      0.21004118120780377,
      0.1021424330011801,
      0.10249520459123865,
      0.13273687782835672,
      0.26626387229851567,
      0.265863785491839,
      0.03684702653783549
    ],
    [
      0.4055827450892312,
      0.07590124140025384,
      0.03019350754913974,
      0.047466310096845384,
      0.029824279313337382,
      0.03616888209400034,
      0.3654363682278213,
      0.02554858681805997,
      0.17946031430736947,
      0.17290484315440696,
      0.16929150395941392,
      0.021089709131469004,
      0.04310234218983874,
      0.008735928205978589,
      0.052421809021149166,
      0.0,
      0.0027937737936370435,
      0.07130537087779608,
      0.06273071963320621,
      0.18063226476410718,
      0.13765447033445402,
      0.08392210276310304,
      0.04383561177513162,
      0.17400858403251304,
      0.1540032788745096,
      0.011089511218263322,
      0.11788125960071097,
      0.08563557244655697,
      0.16226225533293245,
      0.3559327736973126,
      0.09782970912157093,
      0.1018621762604801,
      0.1664212320422216,
      0.41320575153840683,
      0.41022794140311775,
      0.11031694302875317,
      0.04379680352217522,
      0.17843674930632797,
      0.028960518614827402,
      0.10668556796511858,
      0.09632360498491664,
      0.03570666150132247,
      0.03565306848645573,
      0.2618389893754149,
      0.0597627536786095,
      0.05842413810857571,
      0.11272584951505078,
      0.2403894873736612,
      0.24084837226811792,
      0.06121624724735861
    ],
    [
      0.4035946028308702,
      0.07394700511913868,
      0.03166083167338329,
      0.050136133433083534,
      0.030873328995272068,
      0.03596689787679864,
      0.3634498523978394,
      0.027234121288748313,
      0.1821810634917094,
      0.17550965943206712,
      0.17154367677722737,
      0.02373228847161578,
      0.04566586514060543,
      0.005955279611402576,
      0.05477089365657962,
      0.0027937737936370435,
      0.0,
      0.07400399507871304,
      0.0654697653337026,
      0.18318203475128378,
      0.1401361530044632,
      0.08382886642350565,
      0.0464348383786365,
      0.17674307086053076,
      0.15556579822328898,
      0.013795539248974876,
      0.11945721172721017,
      0.08320444068653789,
      0.16500619782844583,
      0.35781645652380323,
      0.0978887326836964,
      0.10202737995072741,
      0.1687108257051711,
      0.4104504732788213,
      0.4074718686060285,
      0.10950926898724198,
      0.04639412063279184,
      0.18118486231835104,
      0.030410532544664488,
      0.10917795737735203,
      0.0942648578859549,
      0.03843998851716947,
      0.03837049931092868,
      0.2643597697647109,
      0.05707379999702179,
      0.05568665641767148,
      0.11079837679767858,
      0.24085748203387697,
      0.24137021607930356,
      0.06400577224672781
    ],
    [
      0.46911355860441595,
      0.1423372253061018,
      0.07030003638534188,
      0.023956843436689457,
      0.07519783834034426,
      0.09107617026604736,
      0.42907152146037647,
      0.0672984125466567,
      0.10823095944876358,
      0.10227892448383363,
      0.10604953518474082,
      0.05032264949990347,
      0.02947693444729291,
      0.07990587284599368,
      0.05399487334451522,
      0.07130537087779608,
      0.07400399507871304,
      0.0,
      0.009588047185951179,
      0.11077439934863063,
      0.09823693382939101,
      0.09774291878596493,
      0.02827818700058277,
      0.10291135273826747,
      0.11073025795435835,
      0.06021717425784871,
      0.07924938333015144,
      0.15581857229858573,
      0.09132324950991336,
      0.29825438986167424,
      0.10433234384815748,
      0.10487083728329766,
      0.10233075639440031,
      0.4842003779810578,
      0.4812122160532705,
      0.16053947264909701,
      0.02834081330696145,
      0.10755240020199294,
      0.07034655440105204,
      0.0724247298876626,
      0.1476270931163014,
      0.035689469832571076,
      0.03567200976900687,
      0.21317467691196457,
      0.1310680818053367,
      0.12964969595818523,
      0.17785442133939372,
      0.2204562391503781,
      0.21951017876139356,
      0.017153167511864912
    ],
    [
      0.4595255467156723,
      0.1328913965397297,
      0.06071205156886211,
      0.01630231172349419,
      0.06561358048224697,
      0.08150420023464947,
      0.41948354432339907,
      0.057735129494094393,
      0.11676821569673829,
      0.11158765387196702,
      0.11548762545216658,
      0.041990422494302834,
      0.02267944681975197,
      0.07140907830381221,
      0.04526246080064642,
      0.06273071963320621,
      0.0654697653337026,
      0.009588047185951179,
      0.0,
      0.1202286221659807,
      0.09748414753138004,
      0.09683895286608579,
      0.02121723874588529,
      0.11127930530202024,
      0.11809237530424703,
      0.051682473848298424,
      0.08545539583577837,
      0.14669116678331162,
      0.09953869452253221,
      0.3075231137748846,
      0.10466012679779466,
      0.10570254506084616,
      0.11181304952486744,
      0.4758992703329548,
      0.4729179434999893,
      0.15112170329085656,
      0.02129564950923156,
      0.11572566933869827,
      0.06076102171112651,
      0.0699009151575328,
      0.142790221005394,
      0.027031883542401363,
      0.027145778566105706,
      0.21530401653661752,
      0.12242726443031487,
      0.12115424795610635,
      0.16832174845411432,
      0.22572486234318442,
      0.2249454143454803,
      0.009177463606575316
    ],
    [
      0.5784859249067751,
      0.25310975011281117,
      0.18044625386748964,
      0.13360281377276714,
      0.18548147807522694,
      0.2014935407751319,
      0.5385670175770619,
      0.17782983369190233,
      0.03476714774740647,
      0.011923835350256574,
      0.039012370135770684,
      0.15960585724803653,
      0.13753012326941522,
      0.18887883746415485,
      0.15909363218658334,
      0.18063226476410718,
      0.18318203475128378,
      0.11077439934863063,
      0.1202286221659807,
      0.0,
      0.14456658141897433,
      0.16908429123206759,
      0.13683688470997213,
      0.038820534303506446,
      0.09604281504896753,
      0.16966379212209753,
      0.10185867892379326,
      0.26606823401499724,
      0.04390090285745371,
      0.20338279490549602,
      0.16562516519539372,
      0.16232247705432232,
      0.03595754163927747,
      0.5896452683229557,
      0.5866207197664016,
      0.2671401603849544,
      0.1368716063563596,
      0.043351364236198835,
      0.18061736004440465,
      0.14148240059049919,
      0.23645129848913948,
      0.14588036701030094,
      0.14570266621695913,
      0.20088332094250136,
      0.23985037380008606,
      0.23791172709868738,
      0.28846285894919027,
      0.20574546946254,
      0.2026038018160841,
      0.125455957425227
    ],
    [
      0.4666540071587286,
      0.17608743569227045,
      0.11350861835939823,
      0.10953622333259974,
      0.11753357006719273,
      0.12902684790635538,
      0.4282074678695379,
      0.1156563421680766,
      0.1173644330084673,
      0.1326430512262467,
      0.16522014089601664,
      0.12445375047691369,
      0.11602384748459846,
      0.14512213851910896,
      0.08569260347736947,
      0.13765447033445402,
      0.1401361530044632,
      0.09823693382939101,
      0.09748414753138004,
      0.14456658141897433,
      0.0,
      0.1941869435772646,
      0.11435322231366742,
      0.11079555785255933,
      0.19559124317749493,
      0.1298635280366294,
      0.17133121580765348,
      0.19808932819465389,
      0.10166015117798144,
      0.34770433896176706,
      0.20208022184610397,
      0.2029203564251258,
      0.16041336085579141,
      0.5295506896084637,
      0.5267214294329206,
      0.160589212825674,
      0.11444600816323915,
      0.11004085084262889,
      0.11461165851910507,
      0.03098109341937119,
      0.23220073986636797,
      0.11266524667265215,
      0.11346089331659524,
      0.12434995184398002,
      0.18589422935898386,
      0.18678483671392893,
      0.20121460915065156,
      0.31226098557810344,
      0.3106903638178996,
      0.09069489911549544
    ],
    [
      0.46557610311537523,
      0.1460360481886591,
      0.11174291424202681,
      0.08524608260941169,
      0.11281196639940745,
      0.11976380360196551,
      0.4258602739254305,
      0.1064932966841605,
      0.18392971628141103,
      0.16653297453696808,
      0.14120904813764415,
      0.0802315236453241,
      0.0792112802810965,
      0.0846357056023084,
      0.12255265938448874,
      0.08392210276310304,
      0.08382886642350565,
      0.09774291878596493,
      0.09683895286608579,
      0.16908429123206759,
      0.1941869435772646,
      0.0,
      0.08082348294524702,
      0.180904661289255,
      0.0998299241971043,
      0.08209720603528314,
      0.07116332126011178,
      0.14394373951975095,
      0.17190518955589862,
      0.30258567364169797,
      0.01483144605390897,
      0.019993913306304276,
      0.1406553733534908,
      0.4310250415187031,
      0.4279659110290217,
      0.19123643577323435,
      0.08073314870225105,
      0.1868903767194266,
      0.11067099712905897,
      0.16551345142948765,
      0.0701607202805808,
      0.08559019817041143,
      0.08464610509551053,
      0.31080217731187126,
      0.11308168268986053,
      0.10901901926531264,
      0.18069955658620593,
      0.15934384847821895,
      0.16034625366231609,
      0.10356051069712824
    ],
    [
      0.4464432352377363,
      0.11756722165246421,
      0.04997549031775532,
      0.0051264557669006994,
      0.05411777678452946,
      0.06887679148660816,
      0.4063191667087838,
      0.04571907356563376,
      0.1363272795188099,
      0.12907506944662042,
      0.12729821895446963,
      0.02277156874811341,
      0.0016741708544843836,
      0.052230077934080306,
      0.04564582785457844,
      0.04383561177513162,
      0.0464348383786365,
      0.02827818700058277,
      0.02121723874588529,
      0.13683688470997213,
      0.11435322231366742,
      0.08082348294524702,
      0.0,
      0.13110471772785262,
      0.1203283849347268,
      0.03282931504433223,
      0.08517502693542323,
      0.12926183692122542,
      0.11957270947189248,
      0.3169676606283386,
      0.0905625479684129,
      0.0924946285658844,
      0.12411730448269746,
      0.4560741099718772,
      0.4530818726030211,
      0.14235569330634176,
      9.282036414995564e-05,
      0.1358061520281363,
      0.04961072311284949,
      0.08492374650861817,
      0.12199946584133109,
      0.010559632410740828,
      0.0099576695847974,
      0.23467661578947,
      0.10342079170210573,
      0.10180492721184953,
      0.15387835474897066,
      0.22068553352372494,
      0.22034255453421014,
      0.024342386330222864
    ],
    [
      0.560108942315259,
      0.24126629191600676,
      0.1674062463432008,
      0.1268648533834741,
      0.1725780985025643,
      0.18850563391349856,
      0.5205346334163962,
      0.16581973294695546,
      0.006787724397761014,
      0.028572176155304517,
      0.07339430692799079,
      0.15316478466361166,
      0.1322008582492954,
      0.1826764387468191,
      0.14227353813288707,
      0.17400858403251304,
      0.17674307086053076,
      0.10291135273826747,
      0.11127930530202024,
      0.038820534303506446,
      0.11079555785255933,
      0.180904661289255,
      0.13110471772785262,
      0.0,
      0.1255858835335375,
      0.1629505184583973,
      0.12171375893731044,
      0.2570837988988209,
      0.012098774637541351,
      0.2378352433283595,
      0.18052730097858033,
      0.17822518641853174,
      0.0691957817475192,
      0.587104369609714,
      0.5841176752902107,
      0.2476013791641914,
      0.1311624312467574,
      0.00631750490383438,
      0.16783523565997777,
      0.11337247840036291,
      0.2435473224872105,
      0.1383034782829775,
      0.1383833270235274,
      0.16319319932380644,
      0.2336903126846531,
      0.23242969271315125,
      0.27483091422780365,
      0.24034688284304703,
      0.23749309466340182,
      0.11387060259281351
    ],
    [
      0.557169892807512,
      0.22886935741090078,
      0.16984221235517355,
      0.12073342278810018,
      0.17353281716637958,
      0.18690034464785943,
      0.517106761054929,
      0.16519332262685166,
      0.12500005394718808,
      0.10011054347595032,
      0.05776185780754977,
      0.13757225583761243,
      0.11979033447507285,
      0.15954889880911052,
      0.16269208429155096,
      0.1540032788745096,
      0.15556579822328898,
      0.11073025795435835,
      0.11809237530424703,
      0.09604281504896753,
      0.19559124317749493,
      0.0998299241971043,
      0.1203283849347268,
      0.1255858835335375,
      0.0,
      0.1457260519045197,
      0.0361252029897401,
      0.2333975587418346,
      0.12252284946592067,
      0.20499590243905197,
      0.08983043995177802,
      0.08480394699033664,
      0.06015775347242888,
      0.5304364550964025,
      0.5273756017180344,
      0.2617944035137651,
      0.12029467158947209,
      0.13174831946210427,
      0.16933190124184794,
      0.17733250621659902,
      0.16931122780066674,
      0.13070755885506125,
      0.12996182443071336,
      0.28492911596710757,
      0.2029064350810229,
      0.1995369102938338,
      0.2656238928459744,
      0.11832990749954383,
      0.11622846559023613,
      0.127152103227785
    ],
    [
      0.4153712507110939,
      0.08578886613494771,
      0.029663239712822136,
      0.036381931384272814,
      0.031179417826835306,
      0.04168360456162705,
      0.3752255810431929,
      0.02440089229393508,
      0.16838557695313502,
      0.16186532534551687,
      0.15894908497962376,
      0.010058042430313217,
      0.03215988516848161,
      0.019726916377375798,
      0.04603025645562246,
      0.011089511218263322,
      0.013795539248974876,
      0.06021717425784871,
      0.051682473848298424,
      0.16966379212209753,
      0.1298635280366294,
      0.08209720603528314,
      0.03282931504433223,
      0.1629505184583973,
      0.1457260519045197,
      0.0,
      0.10963488843725475,
      0.09647466590566467,
      0.15122106178720648,
      0.3465441430541283,
      0.09527766478167886,
      0.09886617077696419,
      0.15598723710320142,
      0.42422358683623246,
      0.4212436300751605,
      0.11681870032768844,
      0.03279357440139762,
      0.1674044964984208,
      0.02861775051712024,
      0.09890641380871612,
      0.10262243724960478,
      0.024650643237247777,
      0.024574970194894942,
      0.25367523687116394,
      0.0708515308210775,
      0.0694802618786787,
      0.12247606696367451,
      0.23584386224324091,
      0.23610292638207414,
      0.05046546005071194
    ],
    [
      0.5215543894231988,
      0.19287510285210277,
      0.13421428534820803,
      0.08604081197257679,
      0.13777097587768772,
      0.1509078328656244,
      0.4814640816493483,
      0.1294728030423749,
      0.12309812435147074,
      0.10169746745716088,
      0.07049771484076492,
      0.1016006865178569,
      0.08451233032522576,
      0.12349347240858552,
      0.1288520290281051,
      0.11788125960071097,
      0.11945721172721017,
      0.07924938333015144,
      0.08545539583577837,
      0.10185867892379326,
      0.17133121580765348,
      0.07116332126011178,
      0.08517502693542323,
      0.12171375893731044,
      0.0361252029897401,
      0.10963488843725475,
      0.0,
      0.19797007930088514,
      0.11537454205464559,
      0.2399567336660741,
      0.06487337442202491,
      0.06102937031634918,
      0.07041282740239829,
      0.5014084302073594,
      0.4983527836951744,
      0.2259014059239093,
      0.08513433456091272,
      0.12801894977509817,
      0.13365965698283627,
      0.14964435008288995,
      0.14121131544072343,
      0.09538026273752714,
      0.09459556343069099,
      0.27156522850101494,
      0.16771015757246127,
      0.1644793606357339,
      0.22966594222426653,
      0.14176402575470418,
      0.14059897094847665,
      0.09463225083500694
    ],
    [
      0.323840555697969,
      0.02420575658082219,
      0.09100025675221844,
      0.1324944355897975,
      0.0859234412311887,
      0.0710786186689067,
      0.28382428325055636,
      0.09172090694519999,
      0.2628895225969431,
      0.25802423720262946,
      0.2544396239183053,
      0.10652026575867778,
      0.12863297427409182,
      0.07776858539905122,
      0.11919373663116607,
      0.08563557244655697,
      0.08320444068653789,
      0.15581857229858573,
      0.14669116678331162,
      0.26606823401499724,
      0.19808932819465389,
      0.14394373951975095,
      0.12926183692122542,
      0.2570837988988209,
      0.2333975587418346,
      0.09647466590566467,
      0.19797007930088514,
      0.0,
      0.24510083010565054,
      0.43790310287415124,
      0.15856066451632925,
      0.16391027625554774,
      0.2517278257173803,
      0.3337485515108204,
      0.33084338849324263,
      0.07606320325729193,
      0.12922979475650911,
